1
2
3
5
7
12
14
15
16
18
19
20
21
23
24
26
28
29
30
34
35
36
37
39
40
44
47
48
49
51
53
55
56
57
59
60
62
67
68
69
70
71
73
74
76
77
80
81
83
84
88
89
90
92
95
96
98
99
100
102
103
107
109
110
114
115
119
120
122
123
128
129
130
131
132
133
137
142
143
144
146
148
149
150
152
153
155
158
159
162
163
164
168
170
171
172
174
175
176
177
178
180
181
182
183
184
185
186
187
189
190
191
194
195
197
201
203
204
205
206
214
216
219
223
224
225
226
227
228
230
232
234
237
238
239
240
241
243
246
247
248
249
251
252
253
254
258
259
262
263
264
265
266
267
270
271
272
273
275
276
277
278
282
285
287
288
290
291
298
299
300
301
306
307
308
309
312
313
314
316
317
319
320
322
327
328
330
332
333
338
339
340
343
345
346
347
348
350
351
352
353
354
355
356
357
358
360
361
362
363
364
367
370
371
372
373
376
377
379
380
381
384
388
390
391
392
393
394
395
398
399
400
401
402
403
404
406
409
410
411
412
414
416
417
418
419
420
422
423
424
425
426
427
428
429
432
433
435
436
437
438
439
443
444
449
451
452
453
454
455
456
460
462
463
464
465
466
467
469
470
473
476
477
478
481
483
484
487
488
490
492
493
494
500