500
41086
9668
27155
37637
37989
42167
16404
49069
29376
44814
4037
43048
45695
32931
8893
31274
31173
40377
1346
14846
14433
21284
16429
6241
27681
37376
5086
36604
41818
24152
33338
18493
5216
2936
42971
36623
35584
40978
15609
9103
13627
37635
42791
4916
1983
21500
1769
47840
15925
31868
12092
2405
25654
47829
39932
540
14765
18068
28829
47220
32497
21229
49787
22360
8984
2783
7618
9212
16792
9791
13918
12288
31794
228
30413
15212
4493
10772
22468
42278
48771
33222
27121
45780
18884
25993
531
48833
8296
32237
16815
32398
612
30715
46360
6671
33538
36421
1314
21723
15710
39623
41189
39595
21670
4572
1570
2313
38617
45292
28592
22052
44604
46472
48721
19391
40498
48223
43282
5439
18355
17206
45962
16198
35058
5660
44590
5687
44413
30079
30415
21602
15778
21079
40411
3067
8518
4056
37553
6725
863
3490
47051
19583
32584
12808
42304
12564
44612
20292
37087
37331
45880
33525
31834
168
25996
45178
3350
21136
33674
49854
5757
18296
18813
16305
7240
3192
47283
36709
49625
16519
33246
17574
1635
15702
38790
13283
25221
17537
47097
36761
32941
39058
40470
12560
32201
25301
29761
8301
20489
15045
35320
4381
7464
10163
40052
44873
22355
6303
2619
49716
19405
7319
24292
26984
26213
33945
43622
2883
49472
42350
2124
7783
45808
39710
46577
40964
47914
6718
39319
7425
641
8294
12038
38242
10524
25888
11466
16977
1780
26304
6519
22768
44158
10868
6258
2110
40973
38634
39178
37831
34237
1995
22071
2641
49659
33330
28201
32695
10843
43379
32403
38850
29465
29474
2384
3301
49547
11608
37219
2326
4784
37405
37913
25786
19943
29280
38098
3496
3185
34157
22927
35766
25904
41582
14598
13934
20256
12811
4627
882
6688
31092
41422
4049
13083
46489
39155
25929
8005
21427
23270
6369
42127
41995
48503
41488
42271
26401
30703
14822
39245
7627
9210
49180
43276
20999
35909
27022
36513
3783
1109
37259
16157
12768
49139
38826
39378
8748
34665
22530
5933
25854
2534
42037
48902
454
17671
10657
627
32404
47931
22110
23482
7054
44176
1232
3148
30215
38345
34531
2070
88
34395
49818
26688
25074
28471
36466
41777
32754
22387
20197
16546
33722
34227
13321
16220
36267
1923
40098
38593
18073
40818
28575
6035
45054
22336
4934
42024
14932
38804
18144
14826
45644
2087
17962
31869
48386
23592
30970
33257
3769
47127
33022
9134
5238
6177
10386
47143
26876
17962
13857
13006
11479
26211
46259
6425
10679
37946
38923
37982
36196
13089
25204
5073
14369
8069
49807
21798
16322
25889
23200
5219
26269
1885
13952
14991
20520
31941
25407
200
28718
29097
16816
35305
16181
15145
36249
9840
43146
8458
32716
20039
47198
21467
34889
14854
15553
37754
2329
8476
44269
20904
26045
3347
46448
49353
2793
11982
47242
35889
23209
31390
19602
37324
39043
41170
9116
3975
10543
7116
32921
23957
21174
24241
37696
36446
2515
10369
10033
47494
8051
20465
245
48408
10474
22001
20864
4053
44901
36129
45196
17633
28017
4004
44063
29792
37802
2158
29942
41593
35016
10841
14476
49753
45050
47782
443
49318
36322