1
4
6
12
14
19
22
38
53
61
62
64
65
69
80
84
90
92
93
100
105
112
124
136
140
145
159
164
176
181
185
187
197
203
207
210
219
221
226
231
238
244
264
269
286
289
293
300
304
307
309
314
316
318
323
330
333
335
340
341
344
347
348
358
377
378
379
384
385
386
390
397
398
415
421
425
426
432
443
448
451
455
456
461
463
464
468
486
488
500
511
512
518
523
545
550
553
570
581
582
586
594
596
599
610
619
621
635
640
647
657
664
665
671
687
700
702
703
705
708
733
736
751
754
763
769
781
782
785
786
789
791
805
813
830
833
841
843
854
858
859
863
864
896
898
899
900
906
908
915
932
933
944
945
948
952
954
962
966
970
973
977
978
980