1000
32012
14806
16341
46976
75039
16935
84982
23479
3035
53731
13341
95402
2375
27833
83655
26092
45496
98296
95321
64709
16990
70865
55466
30927
13204
70763
78582
40483
59249
75352
63920
43389
8227
3281
46908
83823
49857
59391
43407
24444
35407
38998
51953
95560
8369
67932
81203
1149
12205
63173
47031
71705
72878
94709
20119
69664
97790
63943
44194
3403
84672
87738
28153
29699
61342
28929
20036
8809
44156
68931
28764
39877
68826
80894
71090
70680
77795
42366
42072
85184
99588
17992
82705
46886
63576
30155
71701
52060
3242
68560
94191
31383
54083
27844
17534
51497
52918
46689
53265
59199
55593
29063
45130
14632
73143
58763
25594
56015
69291
72671
49672
90269
61893
28803
46578
91344
51915
87597
70540
45067
93833
79081
61156
32520
60088
16982
9683
72126
72074
4449
55288
61920
94904
41204
48672
3865
99982
17473
56502
74934
6002
17684
54007
53297
13923
68418
28544
60788
34141
38741
59732
70071
5328
46445
33797
46414
44715
4399
84832
57767
17958
81793
85519
98010
56394
27306
78158
53653
55020
90263
61250
72622
64878
90101
66531
940
32726
22554
44383
48600
88848
71797
29314
35367
34542
63706
31060
89237
28721
96609
6869
51241
83498
72892
86849
75117
86042
75919
30198
73684
67620
59794
66527
12764
29097
38778
13886
50847
26922
35922
86380
31833
10576
34884
44158
58764
62945
92854
6085
10182
30519
32325
26649
65468
96249
40579
49558
16763
13251
40672
1025
6897
25094
44375
48362
83291
39120
95046
83998
18097
77842
52987
44294
36532
86191
22536
8397
38123
13121
76963
54522
95421
96114
49810
76885
64205
45695
44632
61044
89929
76955
47591
79256
53947
42130
16514
79665
55720
97724
33218
31826
46195
85371
32334
77407
6835
70610
33408
4061
79801
92656
71422
79035
1651
87270
96579
46154
24988
82359
55087
31302
67901
89820
43376
26269
5143
98691
5348
3308
91402
81291
28275
73668
46138
96739
24230
77876
66978
16457
42005
19899
99555
11738
77181
71217
26929
88756
16826
92259
28883
37594
12963
51828
2251
28109
63951
88942
34496
66184
97320
66889
19812
54380
79064
20990
44616
29510
11221
6807
43740
42091
27623
16901
44813
40651
31350
66822
33944
30264
22315
92725
63779
42461
39124
11062
67890
2884
83420
55446
18426
96493
68172
86023
86608
34372
63130
41249
4539
35931
98607
71243
77464
92314
98439
79910
61014
13886
2477
32009
30582
15994
41813
50368
75260
98050
21346
25437
24264
86966
65376
63589
21933
66391
54526
75082
81225
86935
66262
16313
20727
53128
93571
91623
56351
77279
50608
32251
78735
10735
88790
46433
39137
97588
32651
64899
98951
18165
44890
89456
1771
75177
53599
29093
36661
58352
37846
20894
29671
49121
78498
32695
39476
70159
22494
81610
9779
41227
40887
36641
69391
73156
12481
60713
88615
28841
4203
9236
73576
9442
26493
72374
61413
24373
6325
50452
54594
15941
20538
2542
48560
4729
6168
21339
36453
20752
28261
46308
83906
94308
26707
49777
99763
46729
35953
73151
54343
12798
51465
44929
49882
48403
49660
68811
58812
58757
10436
7784
26846
85253
26384
64576
93727
80031
84494
48763
839
91233
11107
89691
4865
98285
27839
92665
13249
57422
71268
52431
42370
5336
79001
97149
83172
21551
20166
13653
50000
8218
80484
68051
18857
62355
45116
38520
8043
30018
57662
38372
88486
84804
12537
93315
71299
76305
94216
78549
8428
89589
91102
6390
60444
36545
78171
9383
67991
60730
9389
31715
60868
43132
95778
46657
28937
8290
41815
21028
78158
68817
38389
98182
93749
67992
40505
5241
77095
89287
80782
74832
45751
53484
67190
43237
29460
33432
50527
52990
39396
8748
1464
46408
94188
36502
44876
20204
17582
50937
87785
68243
21616
37675
95934
35170
76642
93036
82090
47537
22530
58994
18149
6225
32651
30820
35784
50759
94177
41943
98868
12870
37491
63020
82810
69474
21354
68960
273
84998
69177
64145
11994
89216
48730
22187
82256
29105
10706
42033
7458
53360
11074
34369
83203
57911
120
53810
34639
44619
88613
23777
39000
13599
6492
41571
28755
1726
65496
5600
60081
96056
71298
24881
36780
94097
55613
92759
74129
63550
6957
39348
77312
27415
284
67879
64993
71282
3639
6236
24724
26553
68670
96726
1874
63300
49695
31847
78913
86408
66228
14788
71690
34410
99728
66117
66214
7391
88234
91516
79063
8605
44495
26343
88880
42653
64972
36626
49269
4478
13619
39866
82840
80130
75694
59813
26897
64266
23618
21433
10525
23917
2426
46131
21844
79895
61296
70254
52347
57558
55860
73304
50784
62194
64681
39238
63403
50956
6305
35519
77802
60489
72178
91165
57196
75656
54644
60650
375
30842
65892
53853
24729
97458
72221
53332
81695
34661
69273
98997
71408
83630
41250
1234
39755
11372
45925
20086
9676
49475
16066
91612
46830
85473
58273
66426
49042
82899
13686
26678
88205
50061
52925
93253
65055
20621
40266
1978
53944
271
76600
80545
98886
49266
65662
45166
40124
21148
16095
97956
77146
27786
16581
54922
82678
27371
2347
22400
37172
35265
93172
89437
3157
2745
6835
71751
90427
52380
93587
61942
87946
25994
95276
38623
58190
61010
52656
57779
47581
28710
74615
988
35321
47622
65457
84702
41939
41586
57204
3382
62666
9898
12973
97473
63286
50550
14953
50406
95642
30843
11168
72986
3467
32433
74443
79401
4243
22930
8908
15269
47924
87230
39402
87627
42088
83646
70438
12891
71854
99940
21058
94809
4728
75938
20896
15877
52622
32840
95303
29220
15536
92619
84126
40092
49529
33932
99648
51723
72796
1414
59628
87193
39472
70157
3579
32568
71284
60528
89541
12620
37491
84163
72964
34473
72112
3895
37780
32226
59575
40834
89525
44337
25485
14765
18562
18942
19961
76528
3471
54413
593
43732
29732
5174
22416
64355
85267
40687
45163
96280
71271
19034
41204
94563
34096
201
97198
61554
75703
12630
49512
69775
43307
48337
13725
70316
51584
7497
21449
28562
53792
67928
80696
53148
40278
66551
70725
53970
51289
32315
26816
20922
57026
46467
29486
44376
35683
95871
30651
99621
19065
87243
5378
36310
48659
72099
58322
63394
31197
45486
94100
79952
23780
39177
57611
57397
15446
69298
68920
23927
1327
49808
55633
28065
21544
48789
28739
75747
83540
69552
60906
12894
64707
84539
32556
66306
46579
97813
73158
33739
99115
88963
97952
7929
51701
3532
72754