2000
199078
29647
117248
17417
114998
177982
419
111969
148162
181522
182352
149616
196909
66288
182447
10518
31618
190865
117736
6641
56216
5172
48369
88110
165168
175106
155402
49113
86842
103725
29252
114516
141178
99782
4871
143267
183125
161665
9658
718
17383
165325
149282
52391
105507
180846
74106
172073
89698
184526
170358
74001
35643
182870
149668
51023
198172
42773
54237
13772
14044
128363
34859
96951
167690
146968
132454
105884
165394
15080
100239
198729
107493
17569
8267
55362
10980
71199
65877
192863
29610
67544
57216
30452
194946
180492
50782
109508
114516
121500
87251
7706
95780
116253
43143
124055
73793
55167
113160
123328
105162
65366
92952
194533
164049
124060
47990
116567
25139
169314
93137
140633
40214
136349
112783
76884
27031
3494
169573
152204
103072
160872
174762
193357
82351
141853
172315
69282
161259
131469
53439
156706
33594
42992
180040
106484
101605
37569
19174
152301
108604
101857
71583
69135
89377
12136
174193
142370
54159
149570
83106
134162
103165
136383
159423
78309
192542
116284
148425
136209
119554
25072
51660
24384
120765
72867
189641
158426
7504
198577
83812
167934
85568
8568
45772
53102
52490
38154
129335
45378
23248
12969
165755
23528
79151
89532
192724
78676
136366
35535
34398
51932
72380
19268
118092
167386
128573
104607
131180
57699
24672
107118
93512
92072
12395
88607
48321
65994
170120
105281
105946
8786
143848
81022
100154
177550
24228
25705
5314
16288
69659
87363
182421
62331
176174
158822
87439
76828
13912
168598
156769
16513
198481
170560
173986
177822
33046
199111
44398
73826
90403
79014
53022
171992
30458
56033
48776
181314
199330
164507
195119
195447
55504
61111
81310
179256
3076
137222
115748
137935
134563
188984
147762
74935
108684
195361
21323
110946
15974
192130
119072
89669
176456
15809
53556
188768
44317
110528
158584
60952
11927
109368
48656
60604
122915
105872
152357
144007
95573
199062
52970
185554
151363
181951
23867
182565
58766
37148
123133
173792
59643
177510
959
134921
96732
187180
119842
15282
164547
91068
143722
5345
133647
3670
144409
27443
19265
190634
137502
81200
84869
46794
177471
135738
78067
166523
152648
121011
101853
12502
73829
131664
109575
14673
141304
192525
81679
85418
31710
197832
156041
55587
125487
171018
109531
55856
59609
134611
154444
63526
173650
199790
161898
183184
156661
104906
41220
53282
97394
73984
74402
98310
19249
142115
34295
116097
183402
117316
133604
154891
187152
107454
92185
24906
41291
135455
144140
2557
48932
191205
187569
1296
109499
190904
48595
65442
1646
8211
43127
25895
181983
133962
148786
31346
125644
98300
3708
15933
24202
86207
146572
138579
107077
149056
159764
36592
110562
57747
167815
172734
168787
136274
136171
134725
137028
107651
92653
155488
179099
40166
2647
118616
63642
157066
124848
80913
1617
142140
65209
154414
145374
150224
109917
137751
119591
17384
22417
21903
180353
109837
60651
102749
148148
178971
6562
150083
6580
88496
188432
57224
41854
157627
38119
151448
43176
178012
107137
177241
47225
84492
114354
49465
129943
189192
185885
162736
13333
112596
120187
185793
4981
188731
12307
17063
113430
74457
76134
31291
159482
3346
3788
116828
153870
183431
196387
177903
97850
173600
50824
100530
72230
77501
97831
182051
101728
38975
31000
167878
55964
65746
71792
199706
191844
2104
142411
28110
150960
23420
51877
130862
189082
173359
20437
166197
134846
143622
152401
91931
105652
7021
141856
181552
144122
59901
20106
130832
68374
162162
10881
43746
32716
108736
34067
16092
101956
117018
25103
37894
28867
99226
175255
154869
109369
51465
60734
113630
155988
106794
188771
131121
183638
5289
52908
137072
105707
69148
174895
173285
74170
184169
47204
27944
75762
78400
164070
56799
184673
9494
69245
17276
168963
124261
105306
59905
102489
101993
49543
175256
68661
146763
91791
122356
40491
180915
26564
97667
67992
106687
185050
132689
109370
151072
23778
97725
133417
186524
29902
99292
189236
808
40101
33647
77692
106472
94646
190501
152656
123817
23678
22048
87179
189642
75384
93792
195795
70528
126803
118208
124920
77335
8893
38299
154915
32954
76541
102477
176521
118427
48964
165514
19871
177639
46893
79327
193882
157933
156448
115129
79277
84634
1404
28132
150015
14371
122361
62432
184623
89746
153804
140810
57290
115749
66977
101214
157559
10508
191319
95005
158382
116613
83647
106582
142069
186809
159856
26636
104390
168828
1759
85084
70811
195356
98496
160292
147059
23841
102143
158759
11616
152606
96228
160014
189353
10495
7681
180250
192368
59756
117223
168000
157093
136540
181774
152536
125989
180819
157188
136105
30583
152544
128964
39176
97844
114635
21260
26658
182248
141721
76512
155311
89819
177263
121292
122503
156156
170349
59598
100867
73765
108503
147415
180460
111707
127126
175401
190844
33153
53347
139087
185380
117404
111785
34565
8867
65324
165668
94714
173376
185184
122042
12498
80053
25279
5516
4870
196723
84946
83064
59784
156928
29677
184807
83226
10486
188705
167801
10176
65630
82755
90472
140581
141283
165624
192568
105912
74295
37647
173923
115686
51364
194312
33420
62312
131727
54001
41793
66317
149861
47420
2399
118259
157154
51129
188319
199317
64889
121539
29730
125463
133224
11837
48368
106388
9079
84373
37441
185634
52293
52131
84209
143213
141817
145425
90434
45661
151866
17485
146907
62971
24603
63448
37024
48262
17556
193612
152133
15832
162064
23840
46444
115011
5341
138795
56868
152222
58414
71757
55670
42447
44929
92159
83938
53958
72674
56475
199758
52123
110931
29237
48914
196987
14966
55693
14633
92826
137760
145681
156285
157166
107975
98572
26877
52100
199839
189328
111722
72600
107351
112791
14371
153817
143521
31135
7661
123734
163674
23023
39797
84930
110765
192466
179585
185590
42888
190911
190131
181463
53151
186307
186744
124402
189485
21883
108945
70860
134305
76126
80955
150601
11000
17737
50128
14334
33399
143950
198409
26675
80363
68915
68706
199139
115487
9279
167829
50171
125774
115906
19499
92199
89031
39130
132890
190984
170519
13700
99840
127468
75316
150994
179562
152728
113398
104965
133855
34103
106975
36309
134126
40897
174046
181230
77516
119640
62655
181836
132156
186376
313
104468
154520
60708
173814
166178
778
89694
37240
37460
30370
186732
184528
62662
157748
68955
138211
34864
20734
158682
90355
155523
24259
195839
27531
31369
63332
62195
143201
86322
132091
110632
57884
157692
148357
75849
152895
15115
71103
159366
91649
21538
193874
37828
35618
11385
44564
187607
135518
8025
101010
104161
136030
41647
120880
63618
2473
143770
41139
91541
155622
117448
185289
101111
146914
179842
42172
180409
193813
147464
188521
159727
44822
157613
143829
124130
119500
77775
141361
116195
143585
163457
88175
117858
30972
122870
196731
34876
61144
16190
162693
19809
127589
144483
73886
194879
196605
58467
14405
48965
33473
163094
4487
57087
145877
103947
12445
23241
186693
152784
166006
28219
107000
81678
187427
32585
660
51117
159954
162164
85364
43115
117206
1101
6732
171699
109638
176033
193963
5518
112143
1178
61694
194283
168015
156810
170121
198564
138749
165153
36754
151119
119026
30793
131919
112553
65539
68129
32629
88588
199245
149224
51580
1311
135200
157372
172942
78359
64121
50166
100757
17062
40145
182563
41720
115680
5213
33108
197532
33709
138481
22891
136990
93851
47770
121673
84131
117770
54846
87241
167818
43985
7130
180291
45130
16278
100607
199740
175858
190899
196982
190173
2019
176395
125704
8370
105119
184759
116055
139307
76528
174961
126563
129565
106717
46491
172411
157112
38811
150737
19174
139346
160454
130235
87574
67164
39823
145980
148408
146545
103970
175957
92898
86079
130013
104104
171726
165680
64064
192511
140104
183190
132065
47400
188543
157892
194270
110183
159629
64372
160503
174040
105504
15206
90283
23213
170979
137948
92865
40973
115762
192136
8764
160554
1587
113805
94325
84918
197321
170861
51876
67239
30373
17299
180937
108568
76569
14309
180204
29849
27365
45857
30035
143740
42409
37696
146640
119939
970
163744
43931
131629
73028
171995
89696
176852
7238
194369
90261
159102
89945
174611
133078
24222
133882
9053
54137
124642
194522
188456
30576
73379
21000
17009
184830
196941
173596
154599
99130
10426
89326
7166
9329
69851
29476
40817
368
169349
114573
191516
86582
117029
13386
164120
42511
3260
28424
14474
65228
86903
37780
170734
176231
118562
7828
25625
96681
20519
24862
94717
109888
104515
7831
15451
152315
170305
156042
32164
188721
76066
95748
43537
181288
135643
103617
52892
152999
154689
162781
102224
138687
29858
37791
180516
180542
27129
36941
187029
48387
86934
51738
195630
34970
85370
57626
148309
70941
91272
50451
57837
112416
149706
112659
188623
3218
19035
54000
148007
144168
71358
2630
126145
31744
121634
67980
176018
166813
187629
6985
198522
115384
87271
183731
71969
171665
83974
148029
123586
31432
102149
55368
193239
108100
119422
23322
192181
45137
56833
138613
19490
157929
98039
79675
66385
155952
111785
38319
28937
39300
163876
117710
5866
193568
1289
48437
151898
35444
136036
143721
39651
145173
1237
52392
22717
156258
55498
107576
86266
171731
56734
191541
16692
15013
21742
8694
182065
50113
189234
80772
166243
101887
9367
181123
88542
78615
155426
2332
95212
111819
147013
103451
148228
109806
16747
187595
90543
32772
36994
181284
29820
191296
3091
54198
67890
3674
30215
155501
52425
170556
37235
188089
75134
175826
61295
1791
28790
96711
8457
29974
197512
189556
194532
135271
152831
84500
59582
29532
175009
5770
128583
199775
169060
148461
10679
93724
154584
164165
61772
181533
107233
157495
13159
173268
32097
101174
128218
168724
166939
108301
88311
102186
56189
120675
126257
182537
37123
32329
43812
161109
85496
171251
76526
31698
158192
84162
45021
191076
88495
165052
128201
193417
101192
169132
158288
35165
29443
150286
85579
74661
597
11085
48050
25287
1673
93787
160850
194742
97153
189486
41838
86551
40026
102775
181909
127503
120096
179972
67798
146692
138386
68695
33889
21827
174456
167333
56665
71781
143534
72404
79147
11584
166065
195093
52862
65137
48000
169820
168575
107726
193046
84538
151497
164750
14944
199606
129273
183646
166628
193059
132092
142014
125341
119917
18650
196066
82861
3162
62875
74270
161704
188966
75565
6514
149040
98134
122587
162311
186475
34456
141377
6879
143748
44192
107578
51739
116102
88001
5422
131432
113643
51087
196608
191088
171287
45344
196170
9492
150438
14515
76164
20433
97855
152781
122142
185596
96516
83649
147826
20560
115013
17418
154768
23305
123746
52147
138266
80862
62920
122317
148149
126690
138098
170343
87564
100366
111598
167492
161690
21326
82567
54970
129697
168662
29695
128863
65947
153746
177522
83652
1152
148558
84306
135143
93962
74513
94885
41991
132665
149480
40644
62788
109463
193433
30893
122742
64817
139298
191036
67194
105845
99670
14020
190801
162305
182773
96022
157529
98151
149358
569
181209
26089
65990
115678
68459
95384
1772
88688
86983
191161
58608
7146
65196
182020
192311
64243
27053
162148
87741
191194
160808
46262
3213
187393
95102
122979
151166
176280
100231
198896
138823
91826
48892
15059
136541
195341
45893
117533
41684
33341
104317
101034
161290
145878
26976
179674
74893
68200
90662
8719
62673
39794
43782
144776
148810
140313
193461
185352
107467
82118
18847
114070
179894
119919
167412
21403
9286
97733
47589
77736
150928
48973
7634
176975
10006
26731
152732
67869
51299
6399
112129
150717
115952
105048
133176
115055
108702
96628
173704
10731
9479
191229
179957
102759
78870
147615
20214
106241
36256
29954
154641
179304
173650
194483
136218
15826
135531
114186
145453
143107
115122
173067
183527
118996
10003
173403
129394
38223
115268
151268
173550
19612
105157
181120
164788
120283
29053
197783
144636
181113
103684
81956
35229
187306
105416
183970
199733
191504
25639
93596
24216
183022
69042
39793
106273
54956
91483
120707
95885
134919
177859
88108
67908
113274
102940
137524
145244
96513
175680
12209
81904
175025
130785
29056
170047
57429
70659
199543
50714
162895
16209
76996
164408
195039
11206
186533
114568
72138
109042
137151
130331
129395
152116
15808
27559
60440
35118
90532
130265
181913
166073
99216
30544
79676
90618
59360
152507
117966
193151
21736
127599
3574
111824
89125
199627
28542
17695
127444
7069
177839
166671
102098
130157
121867
125766
125724
17579
100227
195023
179463
196714
58071
194961
19156
113143
39795
125873
132071
125840
47542
78971
112958
5992
101448
18658
60389
107386
137996
128694
143923
148360
146974
75843
182773
193266
186610
16959
182855
42357
176520
136942
95416
108854
119935
142123
199157
186763
115742
199312
27669
172606
58981
88206
107431
33441
72150
136193
147289
170036
50342
127122
54646
31172
163065
140562
54028
72799
99585
149040
10690
73852
176988
164056
11515
27703
78664
154227
150586
71905
35884
23233
136001
28995
80638
119959
28835
36881
103435
113225
28084
75583
113542
36577
48483
18482
19148
97056
28184
98153
53003
80732
89070
174479
145641
106827
164156
14442
101545
149753
102925
179388
63310
34780
103165
182502
104642
76710
199293
132906
20411
11758
158987
150733
7456
51966
195517
36512
127422
81930
129535
140193
170528
11036
163511
57441