500
148
183
163
192
113
5
1
122
175
18
159
82
23
57
108
83
60
48
186
84
90
144
29
106
143
128
146
157
117
129
13
122
130
75
30
183
34
128
30
8
58
124
141
119
58
34
23
38
161
33
94
22
172
26
144
198
197
77
35
28
184
65
45
34
88
10
181
16
100
13
196
67
54
22
88
158
31
8
29
75
199
124
109
19
104
161
150
167
109
123
10
12
200
1
89
10
192
129
159
124
57
56
8
119
33
103
108
61
12
149
80
26
18
40
112
14
20
31
112
165
59
145
118
120
7
83
169
89
171
34
135
70
74
158
149
34
178
47
180
77
60
44
55
95
194
54
198
168
17
47
81
34
190
31
109
125
27
29
177
127
191
69
163
165
37
28
143
75
143
194
73
182
15
55
44
112
175
135
42
182
147
199
131
60
145
5
136
16
59
74
94
107
40
28
95
148
164
149
55
188
110
12
79
84
72
172
122
123
92
143
59
57
16
146
92
13
142
96
158
121
44
155
177
79
177
113
115
73
1
78
87
108
18
80
158
103
121
105
17
64
21
73
14
168
2
135
127
118
136
36
174
139
133
178
111
173
25
133
103
30
61
169
43
95
154
49
76
5
49
184
7
34
29
102
196
59
191
96
99
44
142
110
103
167
145
181
156
72
32
200
132
34
153
91
70
3
156
137
93
24
1
50
84
19
50
135
128
81
113
158
4
76
66
123
66
118
173
149
76
41
198
194
49
166
48
1
124
58
89
140
154
115
83
141
63
106
19
153
85
190
51
46
97
93
39
127
136
92
5
28
55
13
156
17
36
174
93
138
38
42
6
105
74
108
129
69
40
158
73
140
200
82
64
67
74
7
77
153
57
197
186
51
191
97
11
196
75
100
129
69
82
66
176
134
17
22
38
59
45
116
187
186
86
111
18
171
171
14
47
110
9
20
58
195
75
85
60
94
125
89
89
54
75
21
102
142
191
144
52
71
129
1
83
187
97
200
22
44
79
169
196
176
115
151
7
179
146
41
44
112
16
80
179
41
156
160
181
55
158
91
163
15
17
190
178
200
99
77
69
60
119
7
15
20
117
34
118
93
158
194
14
184
161
21
61
177
73
75
23
160
76
27
180
22
119
54
34
13
74
106