1000
356
312
205
57
108
185
181
120
1
164
127
225
151
141
431
248
253
109
281
475
321
431
277
198
214
2
257
487
460
59
87
64
46
325
144
481
185
395
393
57
290
291
65
8
404
354
149
118
204
61
221
346
143
310
289
184
477
227
133
348
488
280
97
372
227
457
326
176
157
386
153
456
159
96
81
238
274
254
54
476
408
390
53
233
135
83
445
56
413
246
64
51
38
101
43
392
225
300
214
430
20
477
479
338
462
407
296
379
479
253
49
374
270
444
306
176
341
232
172
119
12
386
433
148
180
323
288
174
95
450
415
314
431
464
275
2
479
304
298
330
193
462
222
419
289
221
256
38
280
430
262
247
207
130
166
490
394
290
32
95
398
263
174
245
309
444
158
197
187
469
255
27
61
396
347
444
454
381
42
109
217
249
159
381
444
95
153
446
130
468
187
330
351
264
471
333
340
262
363
75
46
128
210
130
88
359
317
240
282
157
264
473
118
391
265
187
440
164
470
265
109
488
42
36
42
71
10
60
398
370
439
37
394
459
335
138
55
455
195
449
257
25
156
13
301
400
435
54
89
442
458
239
445
65
414
290
331
191
186
286
204
210
167
354
126
143
42
98
425
386
336
16
305
76
409
185
266
220
335
154
183
342
366
244
339
475
292
130
207
471
241
48
4
93
407
442
335
190
77
443
405
135
279
415
196
100
224
445
461
287
244
203
43
396
132
448
53
141
394
423
402
97
262
493
244
297
402
252
303
451
26
370
474
428
41
469
174
203
154
1
268
239
335
159
217
214
135
394
113
10
113
192
279
277
23
324
306
371
205
408
278
375
435
342
440
166
369
410
229
491
408
103
378
158
304
143
109
39
471
263
496
121
466
216
149
87
90
328
238
57
122
265
41
117
66
124
67
127
481
40
125
109
30
185
336
137
460
416
110
23
486
61
184
101
266
449
237
55
246
3
467
130
4
425
281
353
240
385
450
37
405
500
424
136
333
252
488
51
219
353
463
465
189
376
434
449
487
376
385
275
136
330
17
420
97
468
360
257
175
65
312
296
313
406
332
428
257
495
263
249
273
125
448
361
398
494
203
404
59
293
321
182
443
46
163
452
100
455
6
486
384
140
93
43
441
144
39
167
56
416
149
345
104
433
206
494
403
356
477
200
335
122
1
118
373
198
68
165
203
255
280
46
349
263
357
487
12
138
388
11
388
182
153
396
485
432
236
296
372
435
57
69
339
174
110
263
312
266
279
107
228
369
500
259
439
102
276
61
464
61
72
280
346
497
96
24
40
432
62
176
492
54
38
452
263
367
44
305
378
99
261
290
141
309
210
137
88
216
22
1
147
496
332
197
437
422
53
145
93
16
246
317
181
465
107
366
88
338
278
450
302
47
65
408
243
446
27
276
277
162
207
303
143
442
52
263
97
228
114
274
409
377
299
318
99
270
45
66
187
412
39
363
171
36
191
367
343
82
382
114
142
252
15
205
220
468
219
101
171
23
59
93
86
387
55
488
15
461
283
121
403
427
83
153
96
457
388
403
172
282
345
280
321
479
383
139
209
418
115
325
207
275
230
301
49
310
463
226
80
378
235
422
483
321
356
101
111
376
267
71
387
360
216
241
365
357
482
289
124
209
343
182
473
228
258
110
44
378
379
231
271
168
292
203
492
289
182
125
49
43
111
24
47
268
450
61
316
278
294
148
106
76
161
77
460
399
115
380
363
421
38
34
42
393
209
420
374
160
52
154
236
105
58
196
111
61
145
493
480
384
443
242
145
454
444
382
188
435
319
384
311
124
25
223
144
218
212
206
380
67
60
6
130
423
202
139
464
195
363
369
3
321
453
234
303
28
198
336
40
461
213
158
160
442
222
462
403
142
17
148
371
120
328
65
101
243
44
198
295
366
244
254
433
348
261
66
428
404
498
215
492
498
25
58
480
63
430
352
317
55
339
336
89
303
179
174
281
280
216
9
473
77
106
4
442
403
268
433
430
154
135
144
97
329
30
421
166
319
109
309
75
211
452
24
301
477
65
260
428
52
338
121
40
273
33
149
295
266
327
398
257
101
197
56
444
299
150
316
390
236
435
496
148
146
102
11
338
273
375
311
419
226
37
324
411
127
218
473
343
339
346
433
180
34
116
13
369
242
366
20
330
491
451
65
48
496
461
54
153
321
307
107
50
134
476
329
146
30
179
324
10
433
465
244
260
271
130
316
133
99
456
210
155
384
297
207
11
310
243
492
43
483
227
431
12
115
403
102
453
133