2000
315
56
22
572
245
529
50
583
147
265
687
419
212
32
306
582
616
628
98
656
214
550
442
252
115
216
431
498
345
536
506
657
713
787
160
693
336
360
243
123
203
762
757
574
16
560
494
261
561
571
490
796
674
419
65
685
500
302
165
780
639
321
3
111
581
329
130
671
271
298
286
416
501
579
431
566
313
720
646
734
679
371
749
524
690
233
678
263
654
523
218
523
398
230
400
163
46
545
502
468
114
605
456
547
76
188
741
591
327
286
267
273
205
596
230
174
481
279
292
547
136
766
614
112
104
674
293
4
126
771
720
164
269
625
413
468
506
589
390
566
266
731
401
333
660
454
297
587
599
453
467
725
748
335
415
630
238
235
377
220
699
239
145
509
656
83
334
293
23
185
33
642
111
694
451
426
250
386
589
399
516
100
564
283
495
590
664
61
110
513
71
306
410
633
288
295
312
745
81
264
761
150
35
170
263
433
679
55
135
419
620
119
37
630
304
21
349
713
457
318
76
504
289
697
81
723
157
124
472
10
234
770
202
157
612
100
579
676
650
719
374
40
287
467
666
27
636
727
498
49
677
488
256
119
544
542
798
184
306
223
471
249
475
75
10
661
606
306
223
329
178
411
642
456
375
295
62
604
659
77
174
506
266
797
556
104
199
277
685
299
711
507
230
697
595
16
541
746
71
36
598
299
238
455
155
547
248
520
371
770
734
277
576
753
180
220
461
385
137
474
72
480
743
100
45
6
614
665
131
691
76
528
591
766
97
224
113
689
154
517
787
411
302
230
631
605
447
748
5
672
179
196
533
629
495
532
520
424
471
788
627
120
324
142
550
97
717
652
451
549
655
413
633
365
699
789
543
693
491
288
188
688
600
14
691
534
23
237
220
267
353
510
204
255
424
753
634
574
187
44
222
118
318
618
696
37
773
156
511
374
228
239
784
352
74
50
521
553
41
93
680
490
352
151
104
193
491
501
424
635
268
492
464
436
4
283
473
489
240
155
417
205
306
710
774
146
251
593
556
11
724
325
767
432
30
627
625
404
582
30
552
565
247
256
512
377
624
619
558
284
769
548
2
436
9
719
377
502
229
155
552
677
60
126
773
145
106
319
219
782
161
563
91
761
136
523
746
467
105
610
576
778
361
783
385
433
333
259
535
398
548
648
437
143
10
150
491
45
300
465
9
208
337
220
110
433
197
665
357
91
207
259
797
119
181
62
515
34
399
180
312
304
628
700
4
426
484
43
103
413
195
521
522
537
787
428
252
400
67
124
734
589
77
131
477
582
244
324
3
664
601
781
187
502
701
202
310
23
85
585
223
499
635
786
554
213
119
324
220
390
770
118
198
651
534
763
299
252
455
462
400
199
742
659
317
215
693
326
330
459
487
709
496
689
177
514
715
99
142
573
248
668
373
474
681
275
378
101
246
122
142
733
294
199
606
633
242
592
27
114
82
36
382
704
378
418
766
792
179
778
538
389
701
572
626
700
433
135
74
535
510
282
328
408
751
229
756
494
119
582
758
575
603
600
356
74
693
234
271
517
638
643
561
7
503
577
471
707
6
199
613
337
721
167
702
524
373
119
233
316
67
204
162
210
28
98
328
241
277
89
495
665
655
674
211
288
306
677
170
470
540
67
205
677
34
392
355
278
496
102
333
799
692
167
160
788
573
250
689
349
718
666
104
740
346
109
37
151
303
77
265
746
770
190
54
620
202
16
362
445
194
761
234
179
571
503
65
196
674
231
452
81
361
457
561
451
55
397
371
562
720
770
417
195
766
402
160
439
434
473
694
427
1
796
743
467
729
224
245
124
686
323
321
325
506
166
752
560
597
29
661
149
414
9
552
503
433
180
575
10
727
345
747
535
73
455
495
743
484
497
545
92
488
620
363
564
321
416
586
605
240
111
152
616
115
171
49
127
624
196
179
741
363
49
626
59
412
121
635
741
330
784
335
14
155
484
187
8
776
666
534
249
466
49
470
553
626
98
532
208
260
521
162
226
719
3
1
493
723
327
119
510
534
447
697
349
60
130
739
739
701
741
85
387
151
506
787
775
202
187
798
69
781
156
363
612
763
771
720
182
391
78
258
721
654
247
738
299
379
680
94
132
493
360
133
540
373
531
37
555
292
479
755
766
437
346
495
10
328
460
568
786
37
49
488
287
330
277
789
46
228
287
13
321
6
536
33
115
351
222
549
109
428
469
63
380
447
83
616
147
784
711
252
731
181
368
438
677
28
19
629
459
57
475
585
451
320
619
690
432
234
341
479
10
117
227
553
519
11
463
690
765
690
164
277
203
648
249
722
614
315
243
682
522
418
41
4
56
358
723
51
104
744
629
408
298
787
638
470
640
542
417
785
440
638
277
555
238
460
101
796
56
572
145
458
230
246
700
91
148
585
301
204
670
430
326
284
598
61
238
279
226
139
490
501
418
71
796
558
640
227
505
634
390
340
369
536
582
307
365
81
744
67
194
47
618
798
427
496
365
181
181
464
77
372
453
662
699
416
373
629
129
293
27
491
351
276
131
36
656
278
733
782
524
553
51
704
101
287
205
189
459
451
671
388
564
637
592
199
189
209
306
28
161
124
259
592
643
312
596
300
4
596
54
69
559
690
790
601
33
382
537
565
327
102
645
540
509
294
687
615
655
795
402
659
69
766
374
348
525
468
381
797
744
671
724
41
444
361
345
576
47
47
196
72
214
785
68
120
419
161
188
174
262
92
78
149
351
766
481
162
552
150
10
281
30
69
618
22
207
341
63
56
799
695
564
211
29
239
595
644
616
282
618
492
665
742
486
500
621
681
682
394
720
152
247
247
452
608
298
38
95
537
428
328
646
570
209
330
154
9
369
673
773
561
64
506
167
124
14
756
276
765
726
386
453
288
118
116
420
596
352
707
94
304
478
13
532
746
617
484
616
117
313
240
308
269
278
104
652
463
124
160
673
13
678
469
728
336
553
680
225
459
400
535
624
122
483
88
80
645
159
602
220
20
558
370
540
619
544
621
181
142
278
438
246
459
252
408
184
74
39
203
511
303
274
655
150
535
487
644
552
675
182
165
430
183
523
731
444
373
295
153
288
108
774
784
709
190
438
110
739
141
8
508
537
508
138
435
110
740
117
128
734
590
534
329
627
714
408
378
226
180
637
85
254
766
609
206
86
268
290
691
707
240
105
69
608
542
388
789
292
383
439
697
360
759
538
50
784
456
280
344
158
467
16
766
564
693
172
83
106
572
773
739
406
609
94
759
182
238
702
90
255
608
678
793
15
604
165
555
540
163
109
481
140
715
268
305
483
26
423
524
430
250
511
331
714
407
760
589
218
359
236
252
539
128
311
29
315
358
330
504
750
611
652
304
625
38
665
492
461
246
106
743
652
772
726
176
343
613
468
132
686
432
251
509
696
566
273
472
428
204
391
699
702
281
239
741
246
250
451
453
221
218
65
410
89
138
328
738
647
601
710
352
71
302
517
351
723
400
361
417
712
98
61
246
333
5
23
187
246
187
466
687
725
611
767
716
391
475
57
482
358
688
459
676
93
165
280
161
368
56
172
713
755
182
192
310
687
693
112
696
405
100
609
308
437
186
762
67
791
359
52
782
138
40
272
301
223
190
129
650
492
164
771
520
623
11
278
598
454
47
239
11
271
638
85
608
694
501
598
295
511
642
247
607
134
605
345
451
669
48
674
256
186
488
631
798
350
222
360
610
426
698
300
741
158
625
506
172
72
45
23
595
486
90
365
379
616
397
657
53
699
209
403
614
527
279
653
187
119
39
349
40
601
254
616
185
730
577
221
359
148
45
666
705
513
88
627
689
481
345
158
17
652
327
364
412
545
13
432
515
704
11
690
630
729
30
445
721
730
629
405
743
395
431
499
656
298
704
357
444
393
529
346
510
694
180
574
343
786
374
96
400
320
608
181
248
727
275
786
653
268
473
133
396
673
604
446
457
459
441
183
189
649
364
186
488
755
7
597
219
140
86
93
298
710
520
215
745
296
650
518
607
451
524
691
441
255
340
545
472
556
587
547
451
443
105
140
795
362
26
763
573
21
345
759
69
275
287
589
614
326
334
383
210
687
134
745
533
190
356
342
741
304
635
245
665
401
568
572
622
422
485
772
629
673
298
283
392
110
556
32
472
75
718
6
170
150
730
516
590
117
113
178
302
29
343
722
735
239
55
561
14
111
500
771
43
800
114
715
297
777
451
656
643
422
234
210
602
6
69
772
295
794
535
361
712
658
21
297
327
684
547
586
570
489
756
710
69
150
40
679
163
29
18
578
535
421
116
313
7
196
697
438
221
42
307
202
728
326
518
261
436
295
158
483
337
267
695
23
436
123
667
278
198
389
64
193
236
504
637
147
633
595
447
700
493
404
472
9
798
96
537
471
405
767
592
269
286
676
565
315
276
320
69
383
337
301
268
305
662
726
736
584
788
775
287
432
200
362
206
617
669
599
500
273
446
694
522
392
377
319
540
303
236
162
291
421
200
595
211
697
76
734
233
740
752
453