1000
72286
42770
72477
16216
5910
37812
81147
24302
69235
31425
53026
92004
73029
2471
33137
58161
39472
62179
21381
5557
47051
11046
71388
97981
12265
60206
61146
28761
52005
95651
34630
44043
85326
57078
11757
32920
20042
7777
81723
36445
41973
5801
64069
49803
48324
51132
44269
12784
24624
14543
50432
66667
15915
89748
38332
69599
44578
87944
39860
14878
77359
99973
42614
95315
46014
88506
44544
37247
62880
17658
92181
22601
88645
12436
84969
79036
46621
13085
55476
49085
66545
92193
87411
49438
54929
54023
85604
50255
53027
95940
40749
79821
11615
55951
58839
45892
93622
5062
42703
58087
5723
52382
40130
65634
41904
38209
78852
22622
23135
26319
70547
28709
89891
91815
80176
4235
94248
43702
38275
82354
74918
18858
42683
80021
93359
36313
24668
79654
74126
4491
73329
24263
77672
67757
43259
99316
77365
65065
98285
22342
79047
4622
68402
53973
42795
45636
95831
65665
89714
21859
31347
82160
28778
76748
36216
67656
23077
10616
11201
85836
2154
7475
58435
8810
37268
15047
84050
22852
86338
46483
35813
98787
830
8870
56503
71020
32473
63160
17574
64976
65184
81670
21127
71193
68080
86955
67239
45917
51985
1964
2464
83177
6855
92671
22078
49508
21837
88600
2517
97359
34222
40402
95938
28724
47637
48563
18734
77187
82842
27855
78608
25816
93462
42950
91398
93765
64902
32548
96446
58948
98100
25634
96889
38687
49416
46176
46666
74171
78965
20710
13683
72190
91062
38424
12736
30054
40744
89790
77207
68355
32711
96938
69179
35650
4606
53595
49188
60642
67122
10961
98610
97270
40792
4065
57686
25608
11350
95788
70547
6740
62276
23027
3502
61498
83884
64845
30296
95859
89286
68149
19980
43650
82277
62576
60387
68597
96612
62219
17618
18134
3950
88247
56837
63357
80616
41281
35401
68567
22406
76249
53508
16363
21772
49616
33018
35368
16470
46431
60719
37956
17342
19657
27046
73449
9619
47306
65122
54318
46730
77335
86080
72672
52700
22530
89562
26910
76963
16282
80602
49177
48052
52044
20452
91457
58274
65692
20718
94184
58182
7697
38333
10378
25780
23494
21190
20427
85860
27175
20469
34496
3056
93279
92636
80903
12545
45955
42132
91260
61283
16631
94902
72935
14738
47605
67436
78609
78958
65919
54537
23934
99918
56244
62581
35599
10887
87033
94098
33425
71903
43670
8816
60401
34702
55194
3423
41890
33783
75087
98387
18113
92714
79091
64098
93154
62031
9004
15643
66841
68556
83237
90495
81647
59401
30290
51476
98251
96492
89425
95842
21003
49656
51285
42189
10992
34495
81496
17840
35523
41351
8148
27921
69844
51215
41825
13573
26023
54233
59665
36485
22588
38053
44636
5966
39187
54745
52318
60491
14671
99528
95576
66357
78759
20600
19790
38675
75210
63069
27657
27630
22618
14825
85405
51924
54319
27430
40776
1299
34241
96147
63572
60655
23455
84631
85332
47090
70062
98447
56315
98671
27194
85216
32526
83476
25747
51659
55858
28293
62382
42146
21478
930
82111
17393
90972
73945
88790
77296
86204
77757
38686
40244
61590
94927
4103
74161
11098
98419
21785
87131
36034
92927
68332
3221
42140
35389
46910
44847
53610
4245
23684
78239
75447
69186
97632
19425
12488
74286
4217
76818
9401
67632
60806
94670
83057
44134
99958
31923
31615
54788
3563
83536
9225
67860
92419
85782
86580
50042
56205
4355
23361
78812
54554
83088
32361
23184
97246
88077
42671
30599
17849
4915
88496
66085
26676
16375
13285
16719
35589
44829
90866
46908
13819
13982
18402
51272
43942
70234
40193
90919
80846
75860
16461
43199
73412
32192
92599
73753
27171
16715
94223
44567
21943
52647
87984
6530
40864
30692
72550
31757
88989
71032
31925
77352
72828
97356
6618
2600
5244
33493
65697
95438
356
35624
73451
73445
18220
68473
80448
51639
47419
93182
13522
67839
26050
51185
4755
1581
75905
21839
85214
94624
57868
90597
33302
22428
79524
59256
10385
89692
59330
97121
75240
14744
34138
94824
35450
16693
44808
54580
52408
96365
29070
6148
64693
83553
32364
67553
844
77971
32307
36542
90842
27596
89528
74715
10090
13542
2266
93934
4987
8868
73591
49878
43687
75434
69373
55100
2222
54477
21766
1547
14105
5374
15399
38934
51746
70664
63012
5045
87979
49416
14546
65732
34938
72916
57031
6873
20387
97718
99579
6554
75856
46290
4287
86323
90115
18323
84852
82908
10913
1559
8941
25188
3757
93549
61386
78150
40800
27235
89786
22554
40668
92042
81434
11940
92132
95432
902
40496
45245
87779
16175
33883
15688
52776
60754
90882
56554
79395
59174
98189
47448
7784
62666
26126
30274
57452
17350
77746
79178
97123
48351
82675
8029
76903
77343
29075
54764
19582
6209
5112
74849
71138
62217
78160
14427
57051
99068
19281
78329
31427
50512
36946
81013
81667
19036
65707
71970
14649
19902
61378
24605
94623
4967
43950
67489
58128
73074
80214
8730
31921
66219
88263
4092
83307
60051
88793
90899
50603
72166
59457
40277
9948
44284
81628
29042
13222
90319
71441
9029
7143
23915
57494
68255
41444
39114
86534
23214
60775
16725
74237
57761
59862
68708
36689
17364
40708
69875
74542
66279
80059
31212
70653
73969
81531
66302
87729
13718
97947
98567
86449
83217
57766
50963
67407
34471
51412
47897
61915
21596
68275
45701
52604
50939
68878
89155
4330
57003
4897
68124
29225
39377
16930
255
87767
29383
769
34324
29546
83956
39451
82368
80680
32910
59959
63178
55276
68190
17434
90941
25761
99577
99663
63959
81237
73258
8927
4337
4712
85272
87199
65616
83452
14381
35626
73120
9621
89668
1778
74838
7462
86272
57180
75346
94396
84237
43793
47380
67581
45638
38900
8645
67522
23525
24851
93678
86953
58732
56378
38374
27440
19091
71365
37243
34252
11914
88642
77710
36160
44661
94518
18400
2674
5880
52772
16521
53622
19876
17929
85587
22938
35058
74356
82592
19169
74513
23800
25911
39914
9906
25631
61138
62928
2999
99474
93627
62339
44539
39322
33299
30135
68098
60747
81914
36232
15123
36803
35451
74971
81131
32179
77900
52145
94674
43983
44553
86729
55423
52
40009
7769
93565
45547
62567
97399
86054
88064
21341
18980
40198
74314
89896
9425
99053
14265
48218
87762
60494
57730
24481
57951
97925
6468
58705
7931
48461
45991
89297
93089
93593
83173
61298
33198
97943
36750
77035
27413
14552
65045
2083