2000
43133
75070
49461
23566
145605
2428
157896
35950
99154
179294
174954
153757
74522
82300
126044
100959
151938
72534
145959
55935
51529
24530
98031
63577
57201
197265
193038
171221
180699
63250
158939
97053
125027
6859
91057
55965
175840
65664
10914
168722
45568
34178
153287
87070
48394
19703
106428
134871
64559
187101
120709
135339
291
89055
90422
72606
16636
79283
141780
165276
15909
154432
3631
6294
83578
71859
101428
169751
187945
83884
19248
181503
64370
185923
196944
113140
83668
100518
154225
72094
66460
100636
185193
194900
191383
145874
192696
185316
57769
100197
154682
151195
54721
104791
57741
112923
33873
81902
114674
176788
121825
76908
69939
114692
119484
82894
50682
66537
53031
65139
181109
55237
21280
177155
73429
100279
127873
9684
102209
162305
67589
112225
174163
18496
89775
27919
112380
198202
42802
20992
115578
113135
114865
100146
122382
96217
167100
147660
88
141444
77406
1868
123933
41094
52832
50144
153444
111492
55456
164529
76703
103250
90405
43361
12703
163245
185471
28623
167355
4546
181040
61458
29035
89126
161881
32954
183919
156736
110959
78704
40725
80138
91418
182877
53908
7917
11704
13100
40068
108670
6829
92243
13939
186638
163889
145157
12148
156526
70453
78598
149417
120846
91252
146187
89729
95470
57847
185757
112258
88694
33810
47934
131649
57402
179130
67286
52800
163507
159020
113362
134854
74433
162114
360
105877
80006
49123
166801
149673
106030
2751
24996
9272
192238
39783
4664
56106
93897
99178
100261
35457
170147
163880
33394
99322
34052
15883
118197
160708
55495
189509
84203
157424
40372
147870
184268
79770
185519
142060
187419
12761
93264
128382
94496
4363
77607
53447
142823
28058
114960
155922
150023
52286
94771
3398
56656
97082
117666
167466
180566
49124
30634
138178
4590
117467
34784
180894
144874
149629
145934
199245
124945
76793
149501
56227
61298
149011
24068
183548
69146
85234
92243
111620
109894
165155
45983
122680
149737
142457
20655
180807
66516
71540
186854
179101
129463
54480
65668
48594
7441
146397
65462
17776
179970
173826
84400
27096
26755
197715
99279
68437
82037
21791
182174
65593
92570
13542
188140
154929
38211
101027
95110
56370
173328
87610
60365
45594
83563
120234
146656
128460
89643
93634
17544
36389
152060
77347
32727
124681
49763
147009
32743
151432
199112
162603
1443
69493
121537
159207
171567
153450
36718
23495
186769
77689
118470
109327
72029
52533
183452
50418
67466
83124
68952
148324
100049
67355
172444
94989
155570
150080
35786
101561
155551
112782
170706
89502
40141
164029
149025
123431
93700
947
144447
151954
15015
175874
190688
163295
16659
170356
23644
74203
112361
30069
5338
83258
86696
99413
112315
4532
166092
195518
17516
8792
96100
75083
51781
135831
192747
83951
48106
51407
106761
139310
42176
76732
96702
139602
165538
150872
165199
42164
22523
11330
136214
54288
121042
197972
175384
121996
16863
3928
163876
111969
106113
133199
50773
4860
149374
104296
115990
89084
19965
409
24530
188907
151068
25768
57746
127064
128476
58742
135894
114389
44491
196928
89356
49433
124972
92277
193420
53821
624
180504
69244
93705
189374
80552
33503
116677
166912
51533
95754
34316
101070
82719
116886
195082
145170
86391
136983
131849
115180
129816
9493
147470
53606
197958
50676
194639
71568
49712
180905
12880
162327
34840
73919
328
171994
196358
175496
152055
52147
66580
63614
36853
146706
60135
106238
47670
126318
151814
82392
157569
132083
33339
149627
72461
180311
77640
134454
150876
145059
70880
183831
183835
189057
170248
140886
170207
128443
122979
118784
24198
26144
24336
61206
23705
39031
91078
147731
14375
195492
1982
105612
191875
112109
141389
45982
62421
17879
7197
163459
138910
56532
21180
96177
82418
116277
74667
91040
33558
121892
186884
22900
155650
36315
106523
128730
174436
45899
25262
139836
17710
172022
111918
99570
157224
131680
102893
77887
186523
44572
192909
180570
111080
130906
81361
76488
73520
100979
32702
48177
87555
86718
100737
115535
102398
160097
16052
54028
23058
42604
196165
93235
72893
130067
12143
132536
149472
46796
78512
86029
89955
146242
116305
196685
69266
136090
57301
95020
144069
177872
57523
61726
185438
1990
156827
46085
26290
176915
187377
35633
144066
55799
185233
189308
130805
197565
104248
177111
66758
101116
52705
41704
52077
122483
130351
89585
112892
5180
185698
102897
41422
89179
36708
2235
53213
120464
17703
124675
98476
129180
170905
64582
47448
10733
138080
85014
134689
175150
137623
65196
18558
198999
48014
114712
19778
98466
76730
87797
112057
196113
16045
188161
22680
51580
115071
118534
54847
78972
17607
8025
106612
21621
41902
116568
146774
136145
56300
49756
88599
120155
162443
81661
158044
120747
54091
94778
22958
95728
79641
50584
158929
187313
123999
128244
86174
162448
35273
170359
49325
63476
187403
83957
129162
181885
49557
158709
100837
12394
19235
6078
54610
170029
190252
138172
11745
70386
67504
73258
131783
13347
185937
155207
148777
77740
136784
181712
181262
147701
32868
165302
135523
109252
70612
32998
9958
47652
63272
190995
86400
85278
130949
102977
125448
62478
74650
187515
87758
42542
154167
62595
31571
189446
87309
139740
11843
161000
107493
82310
184757
81721
198140
30814
15079
41792
58169
7488
22572
165406
191337
67845
5335
43082
47804
67537
68781
38775
197578
42012
40624
48470
44858
143192
80337
90876
160545
99853
115332
77921
14646
159134
89901
145202
113583
135726
145074
106126
165422
70327
70634
113475
183132
47705
186780
181981
7343
176589
111265
26378
148687
84427
44319
47889
165152
50387
139416
40143
31650
18427
17760
21224
13499
67690
32431
169893
167009
12068
171458
32659
184995
86727
184905
97319
5306
94051
8038
146308
182720
188646
55432
87590
135279
61368
14217
81487
17448
66893
63006
43609
186074
28968
160835
138592
47658
53204
40883
194994
115376
185273
162021
42766
91932
106572
1408
62363
133361
50566
188783
93193
47209
88510
96304
103732
42129
149290
26177
108922
199506
96493
187097
69121
132809
126153
6167
88368
109104
170944
104814
134868
144478
155644
17179
50149
61527
41534
168705
122209
9813
60646
63514
180825
151279
174913
115974
127370
25907
95813
74220
69734
170086
112584
54120
110354
111324
5766
171914
76461
52552
26474
60282
168475
139068
96789
193129
197569
149168
16836
182456
135917
167918
136054
41137
94544
15685
132860
81566
58594
16249
138930
175931
80355
50898
72759
120832
98065
163595
128112
183255
45495
56282
67323
49935
24652
24001
178935
14545
92633
29394
129917
154729
173204
159195
87474
49772
189909
91083
20197
134812
59354
199406
193295
3694
103746
94222
129149
164394
99132
92925
161003
119441
103661
39914
81301
59053
69583
170083
190232
149680
59731
165505
50393
126278
177431
112452
80381
133038
56301
171126
56582
170951
99172
196688
133312
173097
165157
16844
174446
68731
1764
160648
1578
23716
151369
166054
85671
83503
76612
86736
122905
138876
177345
169614
5507
180480
65679
125891
181993
179807
96733
171427
197616
100095
15830
74806
132931
52774
48214
167253
61803
4074
14199
146264
192247
94483
158814
150458
140516
108459
47471
185012
189851
23420
172774
190379
175442
13222
92350
147021
75844
38099
91505
192803
53869
170552
91414
148104
189801
118986
97035
78547
85429
96278
172485
189382
126311
4815
129046
179147
105476
189890
39469
95508
46926
69593
27180
83060
74641
28060
59132
19943
80555
125850
174653
106773
156269
188747
105427
20900
32677
163450
60106
193326
7037
102161
178258
88457
6752
42537
152382
21570
95836
162576
151408
95306
64206
99676
78239
151510
155810
102451
92963
184736
76519
143809
12411
140230
138230
156412
155018
69934
195805
133130
191189
194338
141255
110369
42050
56927
175990
16298
152237
123159
31473
105667
95407
198989
20485
56425
93408
90510
129006
60534
8794
144391
132266
36972
798
12581
177332
70728
101830
168626
117659
137302
177450
175568
118404
153380
83404
35673
73040
196579
176561
100205
126271
6055
132497
180006
124888
32547
169917
174969
65199
18204
171472
173944
24359
184963
36986
169874
76332
27450
85294
24980
129763
176288
185864
41871
95434
196981
55787
59223
70103
55955
120810
65032
20255
73097
123826
164817
194524
9017
14613
198835
159198
134482
154528
11703
22252
118643
77207
14959
179240
54769
178037
96676
179030
110650
121939
115763
159021
42536
179178
124900
30504
158553
93094
97772
111935
175003
24254
46357
151615
140437
183623
187378
191575
158363
69941
148300
126134
8109
100652
157272
102841
188247
86892
179337
182331
128917
16158
102339
179513
109807
105114
73872
158782
41101
50413
93558
124575
168131
135791
63893
54687
158236
72366
185593
125188
129436
128119
110383
170516
79243
118551
173583
134985
34353
134508
31949
88655
189611
169720
158561
35904
198800
85081
14447
185676
78276
74769
65980
138272
83568
52696
93336
192420
115305
34844
66026
98209
103962
35864
159423
187813
184456
156801
195290
53103
138522
38921
144828
145409
10936
169043
100257
65541
117593
96711
99468
47950
63046
139050
39023
142492
121853
44178
179838
145196
34752
176266
3942
99882
90905
20676
93796
139070
113732
163983
10338
64582
27028
158663
159339
121488
127451
142812
70189
182288
1910
36752
32207
63739
117770
45219
137904
83387
198824
192345
107278
78790
109814
123496
129227
93095
157657
68318
27035
118551
119817
170813
102540
109978
58765
1448
85299
188734
101946
158620
158322
104063
142515
94104
150736
41087
11823
163587
141436
56631
156473
188156
57210
121611
54605
145422
177793
135415
171185
124301
51050
75392
187631
186459
157055
117582
194126
161636
36449
11101
193202
6277
16676
157646
86408
654
34239
90203
41795
145236
171698
102728
65906
32850
54548
76520
192212
171197
83898
144677
21762
8840
102486
182499
144257
97780
49807
193251
185689
143365
194611
42981
138424
33504
56371
99756
98320
163568
25068
38664
109852
192822
33673
127087
189568
22600
51175
199418
140238
16383
28967
61329
41846
191644
21022
54418
36708
142828
76011
43724
136460
125099
13970
66231
4695
18233
27498
199049
70008
163318
2934
7288
194078
148782
32750
155055
9859
30601
8734
153174
103000
8941
146640
149193
178305
50010
55180
152037
113919
17429
170745
51671
144407
20603
173709
146734
145426
43367
15408
89406
123564
156142
20034
103638
178677
69389
167714
140760
95578
4795
103779
60113
199134
30289
46248
20781
182595
177352
66118
19807
154770
160555
170602
39697
34921
29400
116834
61443
143721
148458
16107
92523
132841
32516
199388
183616
20856
86064
114926
84521
59820
100303
9723
158637
4849
141698
28669
161921
17310
142391
50751
31561
132502
74968
122299
3503
77524
114423
157791
198593
104782
194555
127280
154555
102837
145378
181329
160385
11724
173993
441
15719
166172
104648
19725
108029
143681
50110
161180
147057
183278
67628
56198
38288
177400
154122
83742
114368
111427
121097
130659
21453
187127
179886
110072
190906
144736
88596
52631
123948
135376
173901
126889
114813
101474
30102
131781
74326
70853
104232
103255
80646
158671
90332
97469
109761
188190
112564
65272
32338
105127
119974
107102
186066
66117
137025
43390
36765
74149
55659
48413
76920
99225
182254
157828
198618
84990
179059
21468
35738
37406
92584
11596
17114
189102
78455
99689
194431
187775
24211
151484
95052
25537
89674
25966
62456
176463
131095
84007
11596
122023
177438
26102
77408
12740
21784
85382
113736
39677
106874
184099
51585
7112
183463
142426
88986
82117
73477
128863
194593
169835
172819
44055
112954
146125
146243
171653
121882
89182
41940
166536
17718
128615
53386
34399
55873
189751
175206
102325
44556
73282
148682
128413
105177
149733
88758
169883
59081
106586
191018
51672
147099
46636
171839
195156
89250
109856
54864
44258
15557
85773
36093
107865
199743
167605
75279
86901
107274
90688
36532
65680
36729
146249
197033
189630
94277
28404
170747
27502
73003
68795
199010
101215
37808
165438
199991
102903
116629
158594
154927
48633
44891
112017
162205
129229
143520
39632
188250
83916
122547
107426
135966
139143
162843
194466
99994
110807
69627
135201
131081
176823
103718
185350
181941
56422
102094
190526
91538
77452
191224
76234
122116
112773
169639
21592
164319
60935
171526
38394
9619
109183
39368
170763
133746
166682
173974
26407
135137
88650
35359
177870
9251
89002
84639
35498
170790
110429
99392
172594
59369
7480
141549
84644
68341
121263
179114
52509
54332
135501
36835
161090
24963
120257
15873
47952
72683
80680
86919
17516
68042
140914
44310
60787
12754
180534
175432
185304
48492
118614
117455
180197
55777
55218
98663
57861
194519
154153
1855
105622
15784
196052
45397
68416
45044
75260
167455
127617
124266
43038
16661
188395
128940
163406
61509
112570
139644
5252
47509
91428
78830
53933
130099
158342
114896
86744
148425
110606
61756
198793
76017
198664
132405
67331
33336
175604
187877
75527
181431
137191
85870
11824
62866
130111
172139
177244
18543
95808
161649
158462
26660
187032
122835
92563
191346
57160
54818
70341
13244
41671
63065
17723
178809
41542
145188
25576
157554
84446
140513
123460
95692
173231
14547
134736
11151
51229
165526
23892
103841
184171
174280
124525
89277
48286
120114
141515
195673
146069
18740
19734
137482
137444
65
103771
5604
88145
184075
89021
10843