3000
113858
28407
95398
136186
194993
165625
225698
142998
178431
104133
107423
238321
8070
98712
295856
262187
162763
68108
241036
278463
140252
228594
32164
15345
186969
269896
103318
179593
298771
199640
256434
18822
245922
126476
184933
117939
108826
178897
112893
64274
139143
286602
61886
11158
262766
284092
23688
87248
53526
51894
127731
104810
94023
25613
119493
160884
69961
5062
101007
164073
98308
274220
138222
75056
69402
184556
261233
31570
160939
253194
228264
212836
24263
255453
221241
61224
240348
295009
136477
280057
142687
240372
53870
212905
92427
201812
139177
189408
185114
30157
18509
168893
32830
186728
42740
180409
89136
136741
113642
120908
140866
45670
140495
134334
280147
47944
108467
95061
281417
171780
54508
105071
201384
290116
273762
2462
267180
283746
229282
291406
191627
238727
135421
294709
196185
268744
111305
125470
62910
58328
55904
231689
194360
49164
230204
67287
261573
278502
66687
83264
122878
116003
37314
294790
58418
128237
131422
163906
216116
103833
198484
193003
2813
117583
140157
239579
12006
74056
130050
261058
53823
122642
77043
13189
20885
205042
50489
130951
231706
130930
183942
242588
283939
287008
61009
28621
95560
245572
216161
123094
74130
269581
200381
13673
132265
133830
68246
227152
24201
211924
258933
91749
6885
23520
176318
282478
71423
77803
136780
215743
264758
272993
42993
67476
206766
36138
171244
110707
91586
92170
39405
297565
3804
185180
24204
180830
188910
209269
62006
249093
96217
267368
269087
168665
1121
35116
244466
150260
159485
122567
62642
219588
153650
80205
253478
291556
21476
164652
39264
262643
199193
87802
108943
253489
173630
244099
138712
206394
169790
133815
230168
165260
67560
259702
88487
24391
161916
280812
6433
160384
165812
201799
139499
89455
185294
287836
6700
274132
84682
75757
56718
50866
123158
37834
224889
129940
115890
215506
98866
248413
870
287884
239377
9236
3847
30054
157468
266607
157550
188141
140202
273012
282390
62332
24714
76867
10465
139371
62414
259612
266427
170597
6648
42187
73412
101321
12286
141088
197883
167095
205659
100372
110229
209118
276741
287517
275346
186870
179666
188240
282679
51044
59864
67673
140259
67013
30811
98029
138226
298749
174594
78810
42983
121791
148584
237715
82951
98509
194367
85602
225056
28230
118543
153360
107546
145244
203682
17334
77362
203511
49671
137805
87164
247073
254781
91223
201114
6422
56821
254479
268600
120385
143361
288249
36214
247739
25266
242182
87492
187533
73366
160216
3478
78127
240461
265144
84620
240901
84784
222291
136175
277851
45301
92293
234261
91896
175372
226973
38661
180989
218029
203590
250648
122858
271842
98234
23625
160052
282385
68571
144603
283242
230107
264303
83507
77033
172864
65302
113146
28790
130604
19252
195330
246909
33328
87627
5104
242582
295414
73644
166970
106984
4114
40613
220556
101886
16614
76988
239221
172987
20372
78663
83402
64411
260483
67104
33055
158424
152516
191644
78014
213364
94622
181497
154473
223371
182042
168602
131576
19761
222931
192086
239276
50124
169322
267676
262605
28429
268547
287988
275721
172749
9884
88946
3787
1283
15289
229733
112216
168264
127528
130308
46955
40542
237832
26777
184806
1599
166749
5743
191918
150374
286440
168934
184147
69996
274632
178369
116481
273662
57550
61387
164834
5099
262746
227125
20516
120127
50415
99283
57532
76604
194403
193341
61837
281000
117754
123774
217637
227000
137840
141398
37217
183825
138110
145177
172428
42363
180788
278826
196443
243502
131756
258442
229010
286289
298259
166229
215057
254591
197529
151640
151863
231576
145335
92156
294699
248808
45588
60010
162693
298495
202253
250930
289420
23241
193218
270771
161075
38230
225735
32750
42563
194563
158313
16405
10621
276384
182103
209495
43535
182106
283835
96127
245511
174620
67861
49930
180230
263284
234318
41991
159627
34884
197388
279934
69405
146595
103903
46523
127100
257037
73470
170464
209931
122105
87945
98082
130454
10669
34254
214429
132533
199326
201776
76619
225771
101052
180570
221819
157674
176013
207385
32280
163155
116594
198299
182714
236967
44162
256643
31969
158137
190156
160516
122881
72592
77488
35423
57869
233970
83417
230813
141791
247209
240160
5354
18176
115847
121088
21801
24117
79319
278336
75567
135966
128883
122184
33308
67377
147032
161760
75345
54421
178669
44020
71942
248750
98952
298730
64338
196262
22280
261047
39567
208875
20443
280178
200850
111233
80880
255133
138890
45873
268990
152334
274467
166485
52864
25301
165340
102544
272109
221412
185805
187301
1379
51012
43094
180852
240419
193927
20180
281896
283728
12212
173249
133392
155357
232304
86258
268419
279368
197804
229567
7292
49590
61713
250770
263009
51568
250698
73318
117836
174683
227123
12230
128510
229820
3209
2897
154945
182962
139306
296857
19530
225049
232055
110606
296838
153717
179798
50291
206767
260274
119632
252111
56004
154528
294431
185165
277615
2730
199234
179208
192615
165758
178205
6998
14150
217094
172938
208416
272163
126290
273902
272314
188905
157360
202718
284099
250911
154078
28133
256094
175253
101762
212527
141726
295431
76708
9983
38105
234447
50957
267613
26124
39820
132675
133675
141430
278882
281689
246312
149483
28790
34164
239125
219575
100837
50201
172492
248323
292648
126489
299409
115883
298232
152489
147943
228431
235477
246431
221931
233146
229574
37253
81003
289938
12838
196118
189109
229333
94868
222056
271451
282936
195941
24055
288120
113925
33742
21644
154991
29735
91299
127931
9825
106156
237397
190934
293070
260138
189177
262540
2347
116448
87468
168685
268964
59102
114476
168832
298408
25580
264798
25124
7073
215017
197335
283421
222092
51133
226588
283686
269013
89950
44386
247448
253345
287481
93421
21016
132977
244435
83546
59120
245252
96173
73823
202720
212772
226077
169783
286326
113237
54387
161782
265891
240579
103454
143172
70680
135035
105366
45003
180050
57948
223995
269816
21003
198432
76649
212134
50724
270640
97335
93158
198961
131261
154796
49800
263903
221564
209578
147748
223228
187917
296673
299310
178028
13430
52221
104060
90655
193513
167128
164696
39070
136129
67461
115326
279255
51860
275348
35270
286992
149656
254659
135339
31156
111809
270129
90306
275525
32066
36536
255179
262755
188919
288161
72892
114526
154980
65433
25834
154910
253328
219245
224526
184235
53689
237123
111934
145031
250098
268272
46903
256349
189340
246468
265662
166066
241
273613
17309
201386
54264
234811
156920
298959
125073
193284
175245
113472
132041
242744
258288
278377
275151
57365
151600
260238
125230
81951
291339
157720
45668
178075
235918
43485
128016
295144
246206
177772
88008
75848
89718
7426
239991
18881
32984
225246
290317
218147
74564
163271
33458
120595
26764
101837
271453
281571
242088
253527
32082
160450
177751
136674
235278
48654
30704
192168
180967
297703
169810
137508
173733
195424
295633
292753
251565
242963
251700
5447
143364
164460
292687
92014
186494
263431
125409
213148
189125
131286
30367
187648
210958
138468
18540
209523
195146
78436
134221
91817
121219
295188
180331
197532
33993
213842
56080
80806
13133
251216
244433
116313
93113
277194
206367
237385
15775
248178
187194
201413
223980
206941
97389
28129
273732
267022
235177
285305
186202
154466
171013
298248
29026
7787
162899
128745
139579
49619
298932
191992
147794
243410
220158
184137
24304
113414
142522
56685
202272
23135
107210
7925
73164
34823
124377
240567
294819
284608
187384
7571
94271
80344
108732
226638
170216
85056
163274
39782
126483
15701
164544
39420
127271
298135
11180
95694
149689
153904
173280
59937
297569
34251
142662
13226
60638
254442
59805
235105
90858
258961
219919
247872
12995
189241
235504
242290
129983
193513
30997
99125
18702
98607
133687
8608
84884
278217
253990
291551
177779
102650
69588
17180
219276
6629
268927
139410
16438
77484
143151
246721
176692
13766
102195
181762
54915
257035
254353
175244
197005
125590
273808
157415
47844
215323
273381
218686
95926
299814
97257
299334
242928
293120
294294
222869
103605
6824
140847
11220
217855
175695
264541
156497
151527
249100
286627
60180
263508
24634
174946
105924
216728
37001
79580
271865
266763
80433
144615
31939
108019
253441
51688
272643
160770
168888
9499
120022
224160
290896
147512
111814
171456
126253
473
221449
241333
181164
122892
85492
211275
220740
292915
103765
12560
188777
46587
279303
143866
161944
112877
87627
89978
122859
62669
21415
65914
159857
157339
200660
287943
210655
18487
78678
38615
57567
4706
19930
218602
85559
4060
253333
223687
51956
74717
248873
42747
46311
41572
220025
32296
254132
99295
49402
7124
151297
269907
204265
191690
61328
16644
73581
133793
131793
196581
209923
213756
11099
181157
173508
266842
238455
68884
299178
262396
169149
55623
276185
287941
207580
126030
136484
50540
117539
298020
262794
223953
242225
254173
125400
164296
291451
105185
276730
261576
183281
215430
248713
151897
180213
87616
116461
246847
290862
122818
117350
93201
225361
85002
140092
238671
127779
201044
247849
1592
217696
222369
48853
28798
190459
211593
183727
99588
69343
207607
186701
27352
75277
208118
138490
149288
12222
89518
176761
239617
156855
189355
105792
59897
279132
274322
250589
144588
296825
11237
299861
61734
243481
157970
101446
92285
129866
242607
141878
82549
89464
78073
33067
222372
22503
93741
131844
71965
115529
237756
269552
218326
163140
240738
239918
171211
236413
242136
49096
267356
189713
102522
275434
80198
2341
103422
147364
17411
70324
138399
146530
33685
118192
66882
260873
68242
81902
156286
266009
19506
98079
157458
275145
34056
203267
195416
167217
287268
198910
273297
295280
123446
68721
137728
46536
117822
61980
160904
125882
199561
279260
4676
190550
282
34801
219100
187969
120147
290845
35281
174320
261950
174969
243051
199401
226782
52308
58119
274513
41369
45862
258321
30726
43010
253887
296688
64054
23770
170908
63641
284973
293975
195529
189302
4527
33741
142946
293683
11555
124508
61108
248769
251999
126877
84395
223492
176018
254757
95275
267876
299965
246333
108757
187421
120147
87538
156161
36541
36322
196322
227687
215344
279702
263406
150703
254703
180138
98137
125045
282541
107536
26748
220942
87619
87774
181101
277372
109022
286806
178804
218867
102153
19735
13584
185845
140524
134753
153169
238091
201977
86692
143234
48837
287680
118717
266336
138470
93519
137099
192531
155148
196856
250078
127958
6079
180532
244090
208945
159018
64764
208093
211887
162186
282463
43878
63300
296994
179824
230661
249895
101156
99417
30062
246737
277667
65058
82483
292319
279435
266125
19342
164120
238649
298215
3253
187396
229355
107157
89457
108402
237812
210482
241460
185275
10936
6333
129195
208835
55748
221666
126794
116062
6978
102009
2512
79732
107678
74869
26444
203958
146850
72321
251482
237296
132676
211401
153588
294499
46617
105882
134824
107838
4254
67069
212540
235001
166571
60118
176761
36480
48294
93585
9990
220741
89972
107289
280479
267687
41012
190682
277136
127751
102912
110201
166714
30700
270084
297173
46360
91212
250061
205275
79517
174600
82431
174575
50098
148608
80124
135213
174176
107711
66786
34065
95619
241707
39348
20834
136249
134593
181071
61011
228122
98346
108576
189063
139173
243106
85622
292103
77349
3131
278812
53034
124091
155662
5969
267118
24519
79627
267524
54839
146913
274568
195482
143229
120594
60023
247920
104772
52407
114943
252272
225557
3266
262361
38910
164301
189145
28302
220153
140805
218582
132794
176493
68224
290957
201261
7227
9912
107003
241140
121952
246609
188793
72814
65884
97061
75189
125004
163321
107457
38147
104
168886
147582
8364
1013
92464
188666
103999
278272
114676
172552
275401
180063
30235
92165
126132
277789
80037
154678
74984
72199
169762
189448
232999
166183
6240
124345
123997
51992
185352
220170
242793
7643
235437
282407
292752
40154
7384
211691
110147
172429
122902
121304
79198
290104
99547
36247
141039
132990
146226
56938
24551
30798
113756
247725
47723
35309
257723
180117
141418
290653
257881
26130
14508
202615
200654
251056
41378
249286
145313
137818
222324
75837
5080
55956
205596
235923
236662
144828
152622
101169
56081
99969
150133
114220
144001
2382
233238
167994
194428
82666
208874
124929
72517
44107
22817
102300
49700
52424
259994
19196
143742
142011
204160
30352
174052
67588
249065
23159
49678
50978
146444
282641
186024
219867
167861
238496
132741
170066
156811
269925
16683
247986
258850
283843
92330
213205
142873
274458
87235
4744
85816
273814
114119
54941
90918
9033
223860
81966
187467
167929
155662
284876
268097
294987
52899
211329
164294
167137
204137
280305
288538
288210
164452
48912
19503
245034
128522
270738
102143
113851
221964
235013
61235
185940
57574
161953
162158
172909
174460
10357
202918
150623
30377
4796
108895
170810
168360
80295
98613
26557
168186
232450
214743
187094
161497
19081
247003
218911
277045
185321
212699
95586
118119
178834
93145
176567
157790
97133
100554
157603
158328
32528
270847
223891
131823
231236
20471
87025
55041
275957
82958
128288
164439
195873
129415
191107
230142
52617
133946
121059
50374
265180
159357
242194
268218
70443
271285
6233
183121
131550
194878
224476
19759
216234
263350
55534
247644
270656
56329
136027
165058
296974
120945
28118
38386
49451
230306
36615
108186
116944
4712
197926
106211
205785
93090
270111
163045
123092
148449
57364
136032
23238
139031
277128
138601
244563
89556
96941
121216
161089
198060
257409
120816
62204
196280
147443
122231
146355
42849
180561
250718
217116
27898
132012
151536
284831
84521
271850
253908
173042
48705
45399
80564
187324
186193
249786
293298
88343
39413
11219
251825
271266
193446
293223
179248
293668
285379
111327
279463
148682
168633
78239
175354
198110
273169
46966
200722
134998
67477
267864
19613
168300
277238
31602
230971
209346
84793
145006
231479
133184
61995
2930
27505
233555
230222
284489
165966
126586
14749
276360
100007
209640
159234
273947
32032
275726
204131
281824
288250
74644
163163
627
86649
260478
41040
214515
185712
189084
171583
268297
139113
12727
134380
193615
277633
236916
51065
250061
118568
68919
120024
274987
4024
62508
270968
11101
147296
278344
73083
17604
243820
291552
197713
266316
60708
238781
7002
130656
73548
205198
179402
169139
36413
23800
119969
197154
63276
176803
66890
12364
15961
151499
119693
22502
52853
160592
36847
177600
292390
136830
197056
179401
172036
24465
59968
133197
179858
49552
235583
231906
169926
100395
149521
281558
213588
61640
114695
287838
157994
155237
89601
183459
254133
82383
47232
180128
41120
242928
267241
118886
201955
145933
171164
193820
150400
248794
268715
95099
276042
4643
193331
177795
240487
261330
299832
78724
137114
288638
220456
195108
195590
224849
17409
52498
204620
257357
97275
41390
220924
85075
252640
181458
77064
108057
142676
89148
152637
93214
62142
119813
69241
180586
224655
149718
183240
213124
239503
103285
155739
117800
249969
204936
75824
12991
269658
98823
169625
137886
241010
284714
140326
257263
49433
85795
121203
280261
257370
204334
128476
263451
16182
86083
106496
979
183183
152272
129601
263443
259023
290979
221749
271170
169165
155752
127511
15251
251016
282172
298420
99534
51880
129523
200761
185676
211865
122174
230517
119874
121928
289089
82292
237024
107724
50401
132372
163962
164821
65433
174728
247223
195998
265595
15958
203013
75014
275825
95907
102376
29879
189155
115242
145556
262335
190099
99606
167872
285691
37028
25330
18140
298069
140897
192366
71755
191563
130716
92009
45816
285309
3489
244527
166869
59741
93973
132059
133017
263350
174530
19998
53581
256768
186643
207656
138018
54254
106416
170846
246816
118429
242399
231891
271626
265485
198455
226867
286368
140328
113280
14237
294198
260377
64161
86138
87239
65904
132358
255647
283047
33555
198497
98170
157716
102445
151374
157919
31315
252050
123653
215064
268992
120196
150364
243213
221663
202380
38850
106482
232262
264168
138115
248965
299787
15718
104555
164914
250409
176652
239194
36928
10808
161064
8131
56781
231909
110239
252449
118881
189936
213535
12179
131561
221941
61274
207303
24413
297206
167115
7933
141231
14089
148201
247212
128934
37091
160640
181920
94481
149211
176531
270224
255258
166671
231661
185229
18293
285379
108403
103294
215105
37153
205886
10122
8498
273943
221573
156797
280128
282165
59382
86393
222598
117955
608
148771
285694
68703
232230
118931
36542
71400
279454
36483
228806
163530
148406
293742
13554
169102
280417
87466
111881
87784
40684
206179
265544
270390
153775
5620
79331
290043
16300
121176
120559
265687
122192
275513
34202
74557
95772
213746
188765
164080
250711
62881
194287
117524
94676
210677
297714
299767
19619
113108
174389
38165
286130
281149
234959
221917
144934
172109
150390
55909
117925
153987
132827
86844
277692
279500
142329
93318
96796
265652
170578
193586
133422
244290
272786
26374
165988
150892
271520
61276
44858
41043
99964
106633
265087
150937
130681
252083
125649
73704
23127
193132
244776
295620
184451
181285
18793
112817
269053
60942
257090
283458
146057
201508
272747
946
115183
49499
85989
34310
56596
65599
276238
281937
258658
217116
225285
168185
282883
90211
67798
114324
188995
237314
63634
114927
186544
51908
111547
7501
185603
259164
188499
283252
111520
233107
18608
237514
13329
223064
278793
170597
175355
100359
283628
86900
116340
11073
170809
264436
70740
213352
41456
103368
15093
153547
112413
276005
21662
256955
95337
161346
21525
293262
232966
262198
86860
88249
123467
273304
104840
195460
93946
182248
25567
34464
119150
201561
75523
135047
80802
167113
231568
208709
184505
228845
256983
277062
67021
211303
219541
203711
161785
2639
59945
153125
165919
291860
149073
174698
153442
299791
94725
180434
97148
206531
246299
159068
275349
50321
8995
126870
220586
298432
39569
210548
87513
181800
90529
137931
37714
103378
2160
4614
158608
54931
226706
271781
182740
159555
166764
124820
118104
267692
176219
270251
200799
178491
220932
299525
46817
282721
115248
8518
246499
266133
263477
21401
281995
134927
136128
123851
115599
79585
171542
167930
156153
212790
289043
89570
232056
67760
203335
227340
146989
161548
32190
219604
136189
256303
85655
12823
159033
185238
219654
154335
291756
279494
299858
103710
57377
220242
280230
59520
221831
19835
68657
45858
82156
85444
48814
6145
260630
183930
204884
297805
119897
153246
34261
113540
113860
123443
19300
293902
235173
10691
195238
284507
295972
229899
132598
148689
52910
247450
119089
225816
146119
293138
181023
248987
136172
245982
65512
103123
283040
16083
194431
50479
171607
67794
73021
134767
107229
289089
188901
86079
127036
231865
210221
83799
89663
183814
248900
177779
57433
84066
274066
177111
113855
35642
197030
233329
119129
208812
231755
118569
80747
226270
120422
297516
234559
26610
51365
245375
143908
20889
10331
87830
222067
176166
82098
107856
217743
176857
124201
259579
252194
228208
185788
106065
226049
234258
32995
150857
169306
243719
270250
152662
224470
111076
104558
157526
23788
229495
286404
184906
5068
57293
187804
58310
226578
222157
168664
197525
45284
216308
271058
243892
119306
119324
252012
53410
1664
266525
91708
92338
86130
148417
32148
203756
178081
166098
28633
138053
149125
131882
177183
103347
146222
143801
218047
242674
255081
121065
218834
159631
181991
230925
280058
93592
145821
97739
209167
135992
297404
44806
35553
161514
144894
207974
2059
101172
29783
173945
188110
247725
181869
112001
205584
175013
165324
72354
15404
101544
7913
177818
167854
142142
108229
181865
18054
111167
212339
239373
272173
143156
282327
238071
24168
98252
6475
10260
163264
138260
29599
20349
132243
246963
176829
225824
214981
284664
11816
167734
267283
150221
211226
37717
17357
60912
66494
88353
113175
182128
52742
197814
57997
84507
120542
229554
278248
178949
145155
152922
95589
122413
290790
80710
29770
76769
30942
217987
193560
35898
242188
214725
179817
261807
239935
235005
142701
258417
123614
164610
198342
183146
201123
188106
150564
45517
42205
229717
137734
35586
98016
6709
230167
190920
281305
175595
204623
73553
257958
275362
281424
73777
12457
67017
127183
165968
280773
241467
105139
143288
203978
189675
127111
169077
162472
182194
5943
177773
231088
77814
253668
72560