5000
13702
152587
213318
69681
303924
40594
397572
80102
194517
92626
417667
138120
395101
117150
152404
392210
259017
52923
110887
85963
66206
40165
174492
112958
269159
498386
154879
306279
184813
374470
24108
19394
173755
427770
222344
192018
402339
320413
236169
484076
414148
207030
48487
75047
313025
78610
328950
136946
145257
288595
363583
376826
436667
2542
401630
310562
11647
273451
157241
410473
255462
357166
359478
257141
422301
379539
456129
24853
20022
402690
204249
5674
78581
231526
159202
230366
386534
121757
424432
356629
337269
13773
247340
462292
173393
404019
40501
458962
39583
326310
185909
455855
424891
240302
113661
157550
330853
440815
887
84910
244860
6847
320582
80473
13121
226521
497771
56018
278371
135125
355421
397145
71810
215748
262037
471622
256036
171689
194370
284994
244386
129507
473616
248792
239726
291851
265993
127195
397207
196483
336323
72005
33799
314487
267500
97913
121005
96367
44556
266786
389449
189169
92845
17612
476912
416225
369895
107558
375203
195101
175492
309495
428953
184480
4784
488120
320675
444463
484473
108870
292747
407829
80054
340796
242362
66119
183158
389871
202714
305648
438594
122495
157617
471945
150166
101712
484386
411646
413487
181401
414725
268385
405425
249378
360113
222325
241729
290214
43029
39510
414221
108333
256396
306698
46888
485587
392634
430198
280163
309285
55767
425226
338660
332204
263494
208270
1791
208463
250631
298031
414947
480344
433584
342595
189440
336409
325102
232189
1142
228497
310452
400509
486798
218592
295867
71723
289764
32700
180556
134634
48851
166593
355302
416187
318019
12799
51843
117892
304492
444601
437102
282372
22869
303479
16742
336492
93562
498454
247335
275397
474660
58130
12699
381184
386896
55391
166194
213946
429809
485077
97849
422264
309140
454353
171213
466536
262988
39332
350457
146570
336134
433970
371802
81494
168119
467828
25020
472277
302413
322627
197393
129527
398140
246234
24486
315651
211880
308090
138974
148251
44800
314326
246420
380421
272131
249476
388601
415011
106885
37769
331860
482520
144533
159800
349724
85005
80796
230752
370398
244304
127423
428315
404039
206170
257849
481972
477068
231208
20809
283628
399742
156237
369231
455799
97131
378492
21912
285164
313179
12708
437656
319152
137316
285573
409573
398170
54175
303430
193960
228674
345068
427289
20589
376841
182574
323048
449422
488914
373820
438219
163743
100186
68780
437749
128217
656
156816
445537
83858
169397
112734
169666
233364
464940
400064
222096
150537
412785
278816
103239
261188
423991
306764
425104
439339
69158
96091
45592
252601
121829
314437
170449
100841
330619
200608
370222
179407
11548
178454
476908
442580
473496
257867
103305
370615
360764
433514
227793
352158
325194
487464
422574
258366
88511
254228
22811
263516
203290
307033
128758
83981
103913
418330
93473
332648
412920
320885
333704
326273
215901
385256
209682
304738
384908
65706
74540
451834
184218
484623
192254
314086
269043
357789
103169
102777
173702
193797
335260
18873
154448
346080
463654
103250
79892
250489
367260
94632
364653
293285
283276
220968
474281
471811
232865
330874
338409
74265
130346
26310
198939
59527
279327
167507
423894
241635
133163
248140
223470
466127
183241
341913
200346
94754
30962
416274
290155
349569
43225
496082
147382
196065
495777
479221
88985
334646
121075
28152
212820
202558
224025
451627
418661
435486
32586
428088
206331
466577
108292
133210
377632
90286
482737
120505
340466
172959
215970
223032
117393
119116
22015
479390
301658
236821
392846
87986
19282
347547
330784
5061
482910
90909
388853
351084
338393
81451
408619
459364
429524
79331
140901
109225
194037
499279
361164
207940
19024
199855
322341
323766
499002
145417
447290
460566
128802
195057
241374
318788
166960
139881
339930
50354
257351
142043
89002
230365
359837
368270
92473
262132
451632
256923
333105
322309
162394
18364
221546
296772
12347
93451
281788
467760
343667
280017
360866
347175
261358
281058
304027
144400
116064
136425
214042
363187
167047
384080
221597
145443
194427
407182
118292
59595
168885
147642
90615
270161
199400
295516
408378
401443
443413
200443
37013
471884
315765
60064
430360
475714
436475
404760
277057
474344
478984
285051
373306
225807
417209
441076
248778
334404
72090
343557
179962
493293
172675
439560
179453
318271
150760
450038
55859
266899
364323
311840
224921
479956
99241
198266
407455
266109
303574
420698
460019
226737
204206
384983
97521
392153
233779
149515
16776
94736
264321
38464
270215
180062
114480
67021
134951
248450
454859
134791
174879
396506
424692
150255
345690
75102
194268
227357
493548
217944
237738
61721
494453
486778
491627
453897
389163
51868
387989
213536
400756
120456
129744
128764
323550
450244
177809
420637
317672
28315
492172
202786
266245
85361
214433
58940
322744
484600
373176
396121
272331
27037
384740
497587
268956
351734
57142
18406
319403
160710
55206
107924
273319
361219
301946
484461
187807
431979
292863
182438
474751
423744
493191
94279
478950
469776
450241
251173
301250
437298
149348
203635
265820
6883
342655
306210
152216
356212
251967
109598
311324
236370
108407
54385
476548
157024
136755
470674
73835
357839
40495
91672
236390
113807
396097
48122
369500
364664
364941
181341
267548
349560
477954
224962
431599
331493
76644
326892
238731
304581
396841
134092
490276
121678
404959
397770
148048
417420
370527
304537
469614
13827
473034
469128
308014
32367
110385
56408
166027
397212
81420
129175
97470
196700
453882
24044
217298
23748
262983
445365
146705
490101
163915
204878
29474
80806
302190
335033
38582
303458
39602
347471
433618
75808
459584
437386
315263
29187
453625
373987
15153
411529
152239
22296
192484
297285
44845
347846
352661
462195
62819
211096
173395
358662
233835
261825
212618
332429
287588
408463
376810
262622
294157
35376
191841
49648
333277
21799
333211
269922
183525
90381
28931
311553
135887
131274
156118
407673
36966
328800
43462
72711
400657
230414
25634
427247
163469
338405
423567
224615
231219
432786
121193
186219
222275
15533
354488
393393
431368
272429
16850
132026
444946
301725
358886
440270
383017
208622
118067
327314
44054
222900
130605
130712
3361
391420
499487
31075
238837
383493
284998
306112
467774
395246
241745
353219
407523
245280
351052
109247
281246
113349
309626
404856
333053
180010
466754
491335
114553
352213
338261
194981
55930
462178
91805
413838
409257
178651
312864
488712
6726
351074
319649
192579
19682
142071
346036
425031
67504
276114
212144
484533
350497
257273
356003
125069
81521
389491
40280
172595
182339
31929
429358
495696
135766
495774
199363
359977
195525
60509
190320
67754
455299
217316
64789
166454
232076
332750
141369
37993
77872
5235
394701
481290
252676
2518
285819
106090
303722
334866
81262
82715
196806
478987
144556
417583
122316
65167
109731
217950
161207
472226
333960
202751
390204
399953
377425
494586
393116
162626
235451
24575
137991
406139
424871
362365
301251
208917
248350
39110
29764
34436
111640
184021
439314
267276
402023
48234
122555
211130
8142
285088
107830
113230
232359
345094
186192
255784
314053
180741
216306
159254
482770
346912
460092
318626
222972
474110
304692
394918
186092
330164
54861
198901
36502
442923
426738
254793
298458
362255
172137
166043
39176
166030
10702
257721
95322
399227
80507
315562
194246
461046
23624
276787
286703
124588
372687
216142
450989
392314
455617
171669
343470
188013
151385
448013
14573
397853
68537
371587
343069
61160
389318
147180
427648
43852
62732
43812
458955
253669
454204
113893
330525
151721
253195
342629
376997
70933
347887
410017
459406
45167
230898
422451
275590
256533
243015
419045
106117
359670
253511
83599
383736
131189
187685
59131
346091
444744
305173
225409
265927
75864
82321
288445
137806
485308
336972
493840
371474
178172
94913
465407
253104
280841
387936
225128
229089
214462
277396
288751
414240
87242
411027
242014
349861
99514
160545
9604
383743
492740
324005
409475
390572
19270
92961
352396
232745
427817
233146
207740
259415
91629
127822
24247
300793
255158
483744
345418
459328
124719
331150
299474
442040
461592
80590
323080
69146
28086
332285
390310
111134
124822
287589
356951
435465
239511
104946
326032
75794
39929
132520
332335
292668
218648
358329
15377
439732
314938
187408
358174
469342
303983
25710
44258
249970
396674
410814
412173
321622
224962
229544
248376
117124
282097
309552
101258
454189
220274
111365
24762
301427
343089
115036
47272
274098
186291
276665
380200
348847
318739
303777
69672
118168
92856
295085
470001
160799
58868
346170
345505
294068
386436
203260
421000
94472
384142
23148
392908
413702
433067
127789
371867
224506
389778
437542
129845
396887
166681
114572
316118
111539
139052
192178
74263
481201
211737
253502
237892
23508
70745
89040
258098
238474
422010
128929
425861
189311
406844
23485
30244
37688
448061
242096
212405
299457
288020
191224
17351
6958
208571
177480
343804
221241
344611
434809
240115
219137
133144
261910
109068
419089
435056
348282
316016
441518
207357
487562
330035
107390
240421
364182
28051
425128
441470
482131
389125
12140
317678
114539
232100
235012
447759
495851
12413
298099
393305
211657
254637
245873
369961
305737
155850
200558
394042
71389
372400
451130
387452
410707
371353
368095
29753
442262
62144
480629
216575
146000
197797
447813
158129
426026
34755
153748
425760
468555
243596
95859
305076
335557
474464
304630
217750
63967
246280
135786
29631
236622
402911
301281
460851
354438
217355
39440
114288
116117
461746
92289
390630
46359
15107
462345
191528
282159
250754
396353
423073
138359
226792
458644
47088
52015
238484
461903
192642
3365
440369
68881
395677
284656
320779
448249
163712
325377
122006
156749
154894
408046
219767
496464
403704
70702
469520
57623
200032
315401
361555
490793
248627
37401
493920
464483
79255
167603
278555
459538
259443
423248
159087
426283
475504
458595
350824
396469
186777
278328
379864
383934
131008
421034
366004
3684
419289
68674
467758
75338
492272
279869
379484
6485
105477
334000
138211
161516
258652
242698
260995
494384
212098
407912
159249
158559
103657
225473
352507
192024
420401
443454
148549
406669
108359
256961
366360
413929
21383
370092
251305
140078
78280
122018
13300
31765
128658
226726
64170
361122
76875
18402
155463
166974
113316
87243
34624
263922
57691
70782
185308
295617
478479
293674
291730
367616
338027
343172
35627
363438
8466
19864
443575
122721
327442
262514
43746
121325
214708
51837
52366
435189
44868
199095
2276
142118
294044
427161
249649
151758
302765
487320
435145
396027
9679
450018
378497
14473
437818
91621
425117
37834
17434
227527
404113
361399
159521
103729
108645
142134
392551
355502
389804
246496
274580
57523
177211
330746
272950
436687
54514
178839
352858
262276
370482
283179
290831
192660
305103
314566
318898
13513
427203
486547
287257
201924
355745
162553
153909
76633
408856
132655
481916
19947
396077
271863
499789
240406
160935
87783
380508
42785
137558
103699
326594
116151
337914
199557
381423
371761
445310
432546
226907
423360
322749
369006
372220
448012
231931
5157
10665
479145
461377
284446
2466
221885
364268
333088
466944
368373
67342
468920
234759
844
106348
319920
478601
351342
157154
233179
242757
145789
109498
89705
178361
410800
336291
456964
369776
296552
184309
487330
494684
109598
443622
260135
314505
343974
257737
337644
32690
188795
262197
117382
126966
113365
166348
23128
27299
408333
190137
75395
398058
86520
26774
318076
162882
144473
313813
219446
140144
452415
100295
99152
189389
429573
149101
231714
416885
81921
24311
182565
65277
222335
473805
469285
177696
363851
86
480417
226000
297472
141705
141496
115621
83071
135848
300213
66430
393923
238080
440538
374060
479440
376949
270301
485027
401885
121053
325000
325866
37133
361397
161212
142444
113312
238959
37253
21166
318599
173947
273327
168223
82686
457582
219404
125365
396412
236564
226113
281990
243621
167913
404205
307887
299977
333007
24570
269408
82697
230301
449186
327125
231387
292231
214936
277927
239421
19406
220921
447793
46023
430354
118427
80815
165025
387424
307648
462809
380398
202566
436275
78803
465925
217601
50205
82035
147948
50234
267969
126435
496628
262620
281648
162749
303125
315611
352849
462591
454462
355547
169381
23386
92064
310601
152875
440133
190830
497004
131198
264208
169054
278611
469013
14461
179697
398895
96840
140875
211403
299102
243300
300614
282900
481382
162349
178854
251538
326323
106659
202223
123933
406882
454274
321879
269064
253149
123175
444459
243724
108809
211012
34611
111896
106281
317373
485634
324670
277187
166590
174687
80805
57444
158043
139020
305058
385908
263488
336872
231828
388405
71707
122841
415185
347790
248844
273460
40634
129713
417308
446510
131777
281018
50759
163914
418313
88848
99931
417018
55251
385637
494661
438781
380728
263854
424884
33883
88647
67323
466443
403673
290318
382434
248590
215104
171699
309732
298925
366189
406150
272259
238104
115956
387268
428406
31670
15109
197111
222212
73335
140702
457507
288016
198988
273517
175053
340441
401485
213292
128130
450064
140459
125392
284313
487508
310017
435198
77540
347548
430688
308265
58767
377777
19262
496049
137399
292718
318260
138575
112955
329367
383881
75888
320580
70712
23679
442614
397430
496280
333712
365232
331625
220474
423247
431015
149188
26515
273305
261142
93432
125510
87163
410131
72423
156132
458452
312937
64459
235786
241115
154985
301815
41203
59067
359198
275638
344949
140706
471545
142939
161538
336153
175895
440808
378839
344178
316405
144011
414119
363556
58788
126379
334173
409356
382439
274909
467398
277194
365803
224215
268706
311052
138764
219072
452535
462545
490587
43065
361244
449367
115177
19300
118383
420988
3695
451786
371600
408796
127208
278300
248989
129044
312380
285378
115119
369810
460472
490513
440607
233123
6554
495615
50433
480671
27540
225366
277055
356782
115628
52492
291214
46709
399153
89696
46633
65934
124622
105282
302480
54939
293054
453536
216360
474689
99188
400438
400061
295829
166246
269354
103154
286482
266272
210189
64548
220626
105220
285826
494224
179937
32782
60992
315284
153731
34727
332851
204503
286042
157771
309480
157176
452489
330048
97547
201572
155131
86749
308285
400552
25603
19858
140980
311497
493610
125883
485132
420339
467502
61696
489943
222107
271320
135039
319528
290990
87312
370384
265037
493483
84680
185680
21986
410493
60630
385139
21903
426158
396447
281382
214427
427210
3452
2145
113197
362112
395766
461340
337625
468505
302704
322596
493879
420055
25684
206792
363284
452248
475334
471122
185836
101434
413455
188989
413247
319636
79830
327342
320078
498114
477887
80245
35375
65754
322193
377213
5941
48355
52412
489450
499889
355325
445058
366356
228001
443080
131072
359140
399634
240593
415153
124753
66024
433196
323586
250297
56209
116738
281105
398793
272288
430838
145358
96220
367086
11454
169411
407433
461421
423581
67525
321381
225340
116437
222691
72778
39041
326494
383170
79244
227262
213339
213521
327204
317696
288345
482630
358255
456877
242977
198867
277834
492313
109469
29662
151924
52740
475812
185429
226438
347289
492072
159965
97002
61729
365637
353798
241380
345022
356585
45229
416288
144128
192159
1743
67363
155176
154068
401068
302130
238389
351559
30357
14555
376713
361085
404318
256785
460315
334636
269952
11485
313260
29883
189337
89312
200312
382985
13808
391363
425591
142311
90127
422750
227972
146738
416478
359843
401162
54344
59484
497248
277831
202036
438636
173655
364066
483870
180827
94948
29822
327617
393927
304227
214160
47541
276880
395828
374153
210646
255809
58873
299806
129875
183168
379977
47418
185268
498715
162313
277437
331048
444681
175881
298777
411210
367016
388283
136321
19346
156494
232838
418623
482950
464663
466542
450081
169033
408074
215552
70056
259220
348174
157411
3442
259283
417108
6648
322184
189466
424249
252186
396786
314973
450204
10678
154731
313060
167510
282546
188820
121674
416403
485219
342372
202181
281634
20525
111728
109909
356669
246687
300153
58672
405947
294765
11038
188872
224596
10276
104144
96517
411136
290254
116030
88889
9730
105243
178504
100203
313438
277795
274122
24615
445631
460158
154399
305343
371123
375636
443621
58350
297198
69028
215647
225971
276071
281761
465894
114643
358894
499527
428898
362955
426422
203133
95899
150899
399664
269332
213317
48851
140322
135683
117694
2067
33280
292891
32582
83430
258973
354884
174968
117356
422293
281744
83358
196156
184208
7880
476431
97567
189218
22231
354298
175394
80489
362274
207923
206821
162123
352523
462477
1585
247438
40606
234432
41898
381136
32604
449871
211221
171370
464829
191063
218760
252787
146951
420129
60629
230299
449929
62492
151156
313459
396500
46663
376932
320140
292850
363586
391601
493300
323517
323636
141683
362500
17494
356361
453017
334245
493449
7562
41132
466763
118005
209109
142844
308925
227898
475422
489224
282556
454111
474998
400986
116615
46213
450173
121847
407855
57599
364581
77363
187357
246575
398386
334003
38950
346822
243332
435075
165337
242143
495822
414309
458438
381245
125122
78445
283547
250543
148327
405935
195989
355961
173049
118580
61684
406974
410165
441652
103067
185962
359552
189871
220161
54384
428765
162554
198473
27558
268704
183029
409379
403253
387617
440649
391909
154372
186418
261609
356555
132445
275433
234187
314345
221132
305976
50236
243383
398916
272959
310519
470263
234992
279899
260383
274039
37937
349522
109610
13625
84474
256740
376046
17543
394453
52998
220817
372146
364105
395882
79803
154123
362973
478672
370270
222095
465122
164772
438936
130129
93499
365350
278854
55453
174823
18930
143068
365985
238338
236600
299654
108247
309009
160643
256434
243756
229100
166544
298166
436918
134040
239553
308017
425717
279420
477558
86321
376760
153971
220064
162440
255573
99300
307876
77817
341921
206719
286043
271577
495262
337666
299170
7744
143730
94666
387256
496069
238809
329500
326381
313814
452660
82877
367644
229448
115951
325698
121510
14151
339608
417651
270669
179910
132441
252496
301845
23098
321959
430988
495862
315870
239899
15964
85617
362885
55903
494972
319826
213701
120406
430569
178703
375530
248443
327715
359522
159428
206416
115121
217317
388927
416666
444155
496607
9600
145676
484283
392754
180492
422884
211739
112486
397897
365044
453358
423006
161247
497397
454593
183440
203387
150203
342764
470148
458973
167949
305102
107894
60141
326783
343814
166019
334203
402663
72022
25268
307986
345227
411028
33702
55177
117
238252
103890
370009
95049
80996
240548
457084
292867
316524
268343
336908
130863
133062
165601
321334
76620
378188
206211
305824
421516
177891
25768
131946
102100
331618
147367
474222
322955
224896
184192
407473
416740
421987
312750
360506
245607
199796
149877
240539
404025
463517
331470
270209
307208
388243
406204
487746
496014
489340
49413
94222
333172
120989
25997
481740
333
422510
163452
322810
416908
288921
301760
58906
253271
437487
209692
409537
129545
440506
489381
99092
49587
231076
152618
372852
411898
437844
129471
293598
134410
450011
272814
121349
352520
449303
323379
140232
196961
160757
252453
229377
13417
208162
338271
283649
33977
87685
468981
413994
228522
321474
408343
33175
470430
220746
249802
80548
470770
340931
114021
275086
4225
495685
133223
254018
347900
260831
135531
306427
343723
29037
426995
154729
435053
221400
81902
136596
88789
223708
131826
36544
473926
369746
402904
77852
210179
396635
143115
497053
374596
412748
201821
295244
275611
266756
58442
324686
180581
368555
150619
192724
98015
391708
122700
304019
84549
46058
294768
445293
251688
290900
130076
230795
162014
464719
105135
250024
157367
445680
148724
153919
236275
253044
305093
444373
274564
389839
47497
289011
437431
441871
323328
6472
249936
268376
443152
303
368162
345887
112306
450861
302349
344610
139688
48672
95833
329198
237311
84686
258076
320734
15558
453632
115393
232312
251073
358371
247267
302405
467501
290761
147590
452285
389267
398626
121190
91756
136708
144632
489529
24347
180995
461865
383235
43721
114249
124825
313412
27864
112358
382885
78968
331167
187133
40475
296448
473235
244546
440939
251673
124329
24544
338328
192694
351758
26904
481713
19663
261378
337327
263270
82306
96452
37982
267175
233784
453456
411867
143634
310658
155994
382815
430777
215677
51919
120750
412607
115155
301705
339399
484706
109788
66472
288975
486070
292796
426932
395838
218455
421507
482706
429491
79311
41616
188709
19038
223551
327970
473447
4444
27778
38809
198567
455585
266857
437516
192722
39527
300230
461905
139662
149251
277322
406461
371607
364220
35709
293050
338579
336472
119925
111548
62903
381897
179124
181579
103321
14558
465110
108141
91020
68583
63033
151765
231378
224990
46306
290684
27337
371715
240589
84102
120749
184442
447450
210927
223049
336039
13959
390990
88017
120596
358905
205590
160517
338635
92491
92196
5033
465683
402545
441197
141251
185300
51105
128294
133807
317051
396451
73852
101543
430467
13706
424703
373981
300182
166664
390241
280974
95266
235358
407045
403622
359378
49140
146533
88662
186893
293208
61327
358849
315010
493703
288023
385504
127426
311905
403754
108378
416234
81189
17808
292921
7828
217580
453547
270073
386225
421885
176075
90061
197177
9875
482189
303634
368679
78267
322208
231198
242913
69454
263793
2540
76038
151991
146930
401014
250148
121750
273854
55215
264150
201480
128225
141469
141273
246593
90094
466851
249654
186865
97921
175024
332331
105386
369042
443324
327291
424718
87513
312681
143049
460290
29173
346995
442668
433430
413360
235228
81708
325803
391228
486576
222562
181526
144121
238006
146748
397592
223073
21229
392438
91878
322585
61863
118757
263669
409610
397831
4989
204808
286364
147742
201691
54302
314403
127467
451446
62696
329700
330904
381838
51252
291768
468947
364038
101042
415253
404814
177404
68816
370017
393165
220710
305200
21018
27788
264652
275739
35914
168519
229681
192731
64654
211604
310770
411278
432997
118941
52640
211281
235554
153207
244499
428898
205120
282549
408628
24340
484049
499669
142020
289758
219663
142552
363817
321748
351173
40290
103055
198141
16601
353709
459073
472002
379905
9432
21083
254611
476178
350051
174492
234222
154998
32679
415123
96937
410086
132969
174942
297330
365283
207442
368390
418913
497829
371328
259187
238008
112706
131523
461198
306936
305368
26586
144325
489272
189995
394279
14302
299643
156276
306782
319610
488038
82772
146643
345128
123450
238836
425369
336341
362152
205384
440775
270764
240006
194426
157680
39225
245134
361155
370145
422052
421570
400656
237298
211463
118125
2930
180028
336306
58893
382696
192954
124909
476223
271082
453852
392115
95585
245871
106149
217316
356006
402875
397209
326743
455012
368533
401583
378805
447452
257656
316847
244949
183878
319177
63402
300429
474489
78709
454250
10292
213621
175075
107623
77708
275071
488255
441131
172234
319989
438326
498382
224547
87611
136608
373284
65711
114
434648
117972
285080
27293
470217
437916
264843
203958
440561
97441
147726
455393
366285
60733
280972
446166
368997
480762
154542
456395
390150
54957
72127
187168
327180
209118
331297
346206
1284
97441
294823
239027
126048
491130
453487
491372
255521
259590
136863
46543
203419
62431
470042
331151
409688
110784
478185
69383
446428
295060
20008
341230
316189
5231
230289
127479
216546
91539
473630
402883
214594
407221
282714
303675
265725
128461
343192
223755
322865
470706
329925
14253
150401
384130
21614
310794
159357
417946
392318
190789
384444
324555
407348
249221
185399
292925
19672
73784
248369
270765
381867
168767
227569
325568
416275
213795
348516
287233
144380
237330
95970
346820
264392
337530
11228
240462
182166
116045
497432
106840
65668
327880
118948
32977
26296
293801
287346
79358
113887
271358
281165
60346
141150
322359
380432
249196
130465
221472
416448
449435
85865
45438
181154
425222
486478
405957
496367
130442
235286
121682
254788
378164
380866
410451
441974
27860
478475
314086
321229
322907
165500
72114
262110
112433
284266
23015
197509
143524
270328
292577
259304
311204
357303
39863
439947
411614
452760
448652
304743
252257
480134
453963
455975
295133
453149
390554
26177
367438
104635
318583
468360
109793
148954
336960
253738
496159
100168
220902
260759
389099
490734
237655
123284
378701
262765
79541
340767
414921
53369
3691
56679
483395
314513
33272
62367
170788
95646
165946
143980
143001
378993
449114
347235
124913
420871
395018
73434
33675
362189
168348
254800
286937
157847
102782
388247
463167
124123
26860
210331
388618
82794
86543
169451
381403
478077
156877
308662
241059
229124
471506
335595
406859
250178
192991
427041
162434
19928
138714
205419
318005
63215
379144
425610
218684
22682
191678
339537
33796
327455
18696
492397
55020
447787
286391
139704
422983
297129
451840
106718
381567
32849
362181
269378
34496
395439
110617
217940
62651
210577
12373
338368
318337
269787
167900
465275
33173
419193
129953
423119
146687
72667
267309
186807
51620
309245
203749
359225
159627
38942
40351
50895
351591
144034
82766
232943
251733
54389
294635
104189
195108
480317
493103
18889
56840
412636
274235
190632
114526
316894
12084
131899
445518
380276
161429
45485
342514
219383
13984
81740
404496
125882
470871
362603
206017
349237
397213
413986
299863
28650
123680
449073
240577
236062
96568
183241
89517
414565
203151
250081
225961
153907
106759
442033
239216
378338
98747
179408
14516
153945
326298
161702
315359
252650
69111
382799
18551
112510
263493
438721
421754
439392
193884
247699
125822
327152
275321
455154
104357
383725
104197
66921
163142
275632
30022
454459
117184
258850
81889
123870
410884
224599
479407
346589
215541
203604
400040
87422
482799
84244
203394
404459
64252
456306
60999
76137
211241
30984
330181
10103
31953
334170
407462
32906
195986
49951
192685
23112
329389
430323
403067
87379
325911
149616
53278
272298
380853
339433
81467
172380
41893
350136
428657
158672
53250
167347
355096
141003
123564
289999
98283
410318
325197
236053
165808
319960
78758
451008
166882
217656
144520
76213
109865
222139
176771
217162
157175
353162
418471
314705
405920
137166
344672
159858
376405
181340
76290
120722
155651
15665
446834
383130
72682
228217
491303
392358
355367
291074
205307
98999
237860
281468
149906
36051
496060
73268
171323
406254
207329
312478
353918
472199
430156
188184
464239
191647
340486
36581
87194
321422
3162
491048
215785
268591
371750
285727
192859
166406
375789
302678
437051
451767
207160
440623
106072
260691
490443
79308
156119
342984
376324
162955
170083
375322
185008
410916
279738
306667
291558
450684
345954
376971
224827
48346
485859
350685
383418
321204
195908
113649
200494
215372
189536
18859
448530
429143
358195
221711
84099
121239
465742
44157
471575
2038
18146
417750
381468
52214
91513
38375
139604
215639
430250
257838
404075
148734
178287
185750
332464
73931
350762
384661
361360
171762
327188
204068
116823
317477
491422
198320
204744
436105
371864
57881
227386
397292
86835
417991
75209
280793
30439
483515
103580
187095
84785
467037
78940
406996
80645
171517
444658
335969
354352
346804
457529
265505
255192
348265
165223
113504
431315
58880
184132
134507
307015
6254
179431
188251
166019
271881
4718
387750
89515
275642
67734
355564
211050
495793
261807
348519
463505
253516
15974
393979
363470
446879
341811
72340
491704
195578
214368
492554
123502
35488
244214
278265
107148
197871
19238
188240
263451
201113
64089
388505
431574
369297
385075
237461
266779
177121
217212
303118
113775
184690
114659
397450
142513
310779
198171
466458
172635
367524
191943
464170
117162
7340
172311
221771
190753
154546
328105
123592
76530
467263
273563
453289
55689
275345
461855
238290
348287
456415
495240
174252
194890
396406
307314
465890
16608
388527
137232
377238
185947
325082
343516
438500
310960
421389
146182
344731
301361
129008
66189
96948
414559
192296
162644
381057
340124
236862
382337
477663
75882
98375
455490
435398
78168
171544
156104
474918
475804
386833
340042
497804
392932
171846
112463
153671
496277
490299
287139
359208
462693
233011
334930
83873
390560
364332
51678
425479
32899
380044
185113
187722
124214
21294
420383
395981
473708
64275
232443
178999
314642
374566
18701
306386
430462
129841
403919
264502
114362
268506
344188
292364
20522
407937
310498
452258
2954
49782
313171
302669
133151
392239
340835
357469
49165
75392
67186
336110
90902
418832
379128
25817
283180
243819
483
23831
412877
406861
205614
21249
451325
138368
275720
482148
460182
54509
28393
240614
184605
97538
75428
133906
294676
168395
342571
308326
168689
272486
196663
105391
171076
159306
427805
95404
409398
255424
453040
103810
358973
10135
177540
153894
154872
16697
370871
250195
493285
24644
196740
432955
324800
484653
104491
287675
234089
311621
108745
177818
75167
458167
91725
219132
166841
95136
140799
417888
123490
215808
477682
120393
41811
171373
124319
110567
240096
159196
146588
103530
170327
479385
453829
63998
76082
139392
288391
427202
3700
53875
208015
23358
156739
257624
461886
395027
408212
156379
127988
97727
226548
494966
292044
75953
171675
233469
100363
348364
173114
201577
167468
399538
28705
119066
463299
142143
63196
208581
103125
470581
270089
43953
170068
238112
424433
303933
106032
350011
129620
250972
336666
418273
205500
298851
178017
378351
15840
5749
171917
400515
66500
341784
247572
91092
67426
451576
322308
115733
449912
397325
10008
106655
341275
54959
94970
388655
318885
381676
162349
419533
450578
56048
117776
294384
12592
364681
184757
398356
495242
294693
173072
273448
490173
41606
470031
159734
216629
468249
29856
421110
195529
99053
78370
222333
62308
287039
40237
218542
472017
493801
199550
497967
229265
235479
81783
73008
217145
48477
316422
140969
325345
418572
358364
307118
14233
14926
355177
66824
426326
157181
214785
406852
308602
309565
121815
294736
7947
420815
421249
35249
42497
24536
182365
362702
263438
85951
311700
385719
489611
81633
341653
97231
260379
439366
455821
17827
193281
389904
72970
378738
354887
387202
218568
454867
121137
118270
159272
312274
257315
464936
369647
292279
301905
406314
79654
73624
373306
197188
491556
280988
414084
492843
289823
470080
302985
276822
49239
321160
102722
280594
49599
271185
289787
21322
174967
489559
482330
80027
167665
391822
349463
487649
256667
483378
40065
381834
116629
127111
123744
61588
246940
287760
146433
39472
95472
46376
252158
395044
406926
235526
207567
310158
204645
234889
34640
182315
277636
482354
199178
445313
263339
477286
491629
258076
248164
165378
122243
322292
293620
35693
315441
106710
367895
282121
318602
14734
358180
392395
202492
319206
362878
138424
41242
69844
296090
476901
260820
106123
472107
385426
170926
148235
218241
408385
186147
320040
363816
480666
312404
20278
371726
165365
20376
232492
448281
190792
197620
21911
45933
397931
34511
286027
300471
468380
233719
171225
230236
9657
491691
439739
424704
254788
387098
485241
356872
159200
32410
275094
408103
113597
243868
134319
435897
247492
35180
496396
199664
185491
31314
367254
496756
423144
166109
72721
82946
425076
337168
103476
96396
200921
488750
492385
354398
111474
170089
68192
246074
83623
405374
139721
410303
7380
308709
46381
442295
237785
240985
324184
71911
297743
350880
305491
345728
18060
259112
433076
257629
299524
459971
468549
221248
286076
136500
484611
409866
493557
37189
364121
491252
161479
357382
219103
231173
189921
489831
400574
393967
346479
126082
335316
405175
203002
278894
10048
31583
222209
450927
215342
293961
158772
157903
84242
479860
109302
492166
60036
413945
220290
79315
146094
284615
333559
352468
267372
3019
472800
471774
352467
265601
46998
204435
413126
291777
289394
132077
316897
278730
423112
391967
135677
416117
185383
464492
407400
318890
189121
496728
380615
470097
410443
408932
156679
51839
462544
309210
369819
277255
426877
218277
410332
206232
207261
299444
174232
205563
461459
174884
310906
387778
377626
23901
340482
270927
496713
462743
219094
265418
402668
344169
119952
25293
21893
54342
62979
444569
73888
67379
272265
170100
48685
377059
416411
102115
228014
238210
49881
25822
75845
405531
496714
196086
324605
458007
241129
267541
257136
344050
269471
178728
204693
467269
301977
208908
170787
154018
188539
248845
394658
317830
469877
227721
97588
274663
392474
225098
351960
139903
430944
14509
359734
154921
248182
145057
472300
34743
16391
18183
420792
247079
295308
171120
289133
445814
355553
297159
27476
159971
306800
357818
137446
394908
270297
148690
351689
326515
199910
367705
202596
399873
294670
284540
428476
400853
332027
204263
470807
111966
55454
350630
136902
50119
417792
24547
475922
379718
402051
337697
286431
262369
446214
351709
303145
305434
174719
407007
89540
59428
202182
266062
481184
59207
28690
212763
58288
188615
19245
318335
124728
12709
30577
435288
491104
407686
210192
323091
172781
299577
459068
211395
496004
290965
128525
149199
188593
344750
159548
153282
162239
89949
371335
97669
255266
235952
307015
478534
69853
265892
69035
378807
91783
162092
472673
614
9100
338445
77199
484822
330848
154744
394589
431338
299565
312452
338375
400334
266879
120208
93936
186130
239209
443072
115342
444260
417165
229409
156215
108344
325514
140467
337709
104794
423521
126015
390027
230366
296630
66408
275693
290746
434435
486945
190184
375304
462902
264737
104980
344999
194195
199140
100745
130544
408082
335242
418298
3872
109157
30033
291750
172855
12992
436929
39278
483254
459625
251869
434416
233940
298766
44129
213688
214020
476385
205736
203505
59012
77514
46070
198346
225454
184483
384236
386639
173429
17595
285968
166050
143269
458790
30061
381496
105672
460538
140306
222482
322942
345271
404993
285586
263449
61313
214371
383420
184834
459247
344748
173613
13651
44527
24702
73050
326643
358526
294679
26572
282797
352136
371492
324753
173633
164594
20269
313027
430351
351721
273974
346436
399297
119356
342905
432646
234123
28202
313731
482736
88399
193099
42966
95663
405070
422351
349872
485072
54130
357630
85392
287629
270025
201491
285342
327608
256305
288499
184005
236572
118539
198215
104081
437627
201710
51582
413963
304332
197720
48219
291722
306062
368232
21524
182529
319593
45524
394733
377368
232331
51450
190793
334400
146318
250257
315231
112013
202715
14108
353032
394449
181198
167534
361284
156203
306009