7000
407361
290356
118161
263277
488332
225280
589299
67723
531648
634868
446652
661911
61209
151188
277994
126782
417708
248981
267109
586988
276115
43830
635581
334315
567682
65271
320499
398042
628433
126460
212891
601259
459798
222814
424577
595886
31183
82991
84634
653125
496065
166206
27164
689813
128088
233223
441653
394671
218995
589487
230525
417884
558681
254620
574358
305504
81604
545107
184555
635146
617689
92350
525492
603021
252112
270829
10053
304745
411279
516961
124044
607516
106631
555421
209066
508950
597334
13792
79576
183017
689375
633736
209619
304366
658029
342538
206681
650514
602919
556223
440147
515605
579545
212734
382885
111704
331968
71766
127373
367157
460683
633177
295177
146672
450513
555262
584895
11271
657058
330764
94305
582369
496258
435158
538326
227398
8473
564540
136526
341801
159588
590466
305398
208149
109097
672001
120022
650741
371585
282928
222961
93546
402487
55596
252573
587839
571032
363578
561695
220879
319937
506853
20204
39062
20710
682432
245258
431265
87772
378138
611877
415601
644678
497685
282541
210666
486261
595662
443337
615876
136654
205553
166173
572956
574030
656389
264775
498403
200744
17370
533675
251097
128453
5698
461994
88739
85329
227396
54514
657838
673128
273982
88631
418004
579254
484728
88724
294158
638407
496067
400053
160910
152759
449807
387245
207884
416858
274843
588749
600826
58121
607295
329429
302228
204643
95770
352333
696479
385275
300674
14353
693111
454765
488629
295504
139401
548098
556250
95037
8365
327957
671814
659234
585885
503297
353663
92999
320824
35252
481017
440323
34797
526145
127972
353352
272626
672429
265147
677212
20957
519888
415439
431213
251040
584919
403579
136331
464783
227028
10157
565047
234624
286321
369128
418967
642329
74671
190331
366315
583270
67112
666328
665948
469606
470445
365155
16435
27400
585841
617501
279297
671271
441630
669273
574661
626750
345958
89723
466743
455083
329573
60314
235751
92611
540362
696645
292253
100652
7334
379824
312531
332160
534234
596870
440930
409231
329176
289582
62316
341930
538489
227529
552831
580863
325772
507896
635165
403867
308885
226036
559362
180428
194202
166251
427601
649472
337994
199202
389961
190339
518245
106661
407761
21722
111282
365528
119549
558694
244152
271309
16498
672970
18216
136367
449254
420858
54780
423048
321818
514304
649358
552699
31496
570414
549868
537478
72138
632645
428575
83990
545493
584008
601773
570379
532994
132191
488762
440520
576971
33083
206903
680890
584304
181215
183657
602838
587749
520809
320849
565956
432292
615219
665983
501906
350116
478592
11424
567444
505269
291392
530587
457301
687118
679741
444600
587129
234385
375026
482886
324410
481590
284891
93577
341104
355794
548129
466255
396235
512948
239423
187472
236192
142304
472131
224816
594244
406228
212278
78249
610701
516008
210942
272112
586148
213691
384034
83572
154191
686021
612613
217269
143587
581188
15463
112285
661104
693798
55814
201458
5599
60409
416369
683979
597490
202010
69639
310029
516922
332398
508129
543932
156489
100435
433709
451205
104403
11997
9578
676816
405294
160231
67770
589640
33859
630269
487611
473995
545827
262748
343214
456759
292857
667061
115746
262419
629247
319907
673013
601227
56084
130376
427513
436994
460300
512600
115323
679071
261651
508997
67083
589642
426779
533344
603302
631557
430132
87502
160867
651069
159363
689926
426328
161896
3833
407144
178646
245378
377118
674274
500797
667913
651894
602674
693496
517485
241552
305273
676396
69685
382675
405560
257786
87132
196408
162757
193226
217694
367751
669746
412615
602210
463218
505987
634574
574334
637316
462030
86106
377322
258054
620841
387142
654047
450606
20283
415017
6055
598432
124457
275359
564970
613024
451963
335774
123780
195184
689010
341387
425426
549745
12182
1175
535103
522721
363082
515050
77783
425332
634184
582051
121
682620
270719
453320
610097
431859
15624
668452
592817
574221
380409
332161
536396
83912
7407
212358
64588
152995
48683
536670
421102
512533
686139
430207
483317
474919
235499
177782
281316
249853
141943
352380
632844
376821
304846
638269
80466
663488
187547
206992
460014
697998
691661
550115
24104
218406
197573
407893
19377
107302
373883
638414
12713
397942
331595
614303
491987
496820
281668
252614
123968
624329
605019
53163
218327
370754
134546
665967
67163
278125
251053
614670
296933
50075
235635
8488
168027
454111
440658
50450
630314
307043
88659
653906
518918
231564
648877
300410
87936
592807
250869
648282
141969
24219
690914
342642
627595
90777
675519
421119
123663
579475
238894
143484
684101
635772
407781
6217
685255
400003
97630
689637
469778
697469
244469
484238
501966
452870
515882
309444
139202
48912
675658
334107
528319
607218
538830
438536
581497
57156
479106
410786
653735
631231
484082
116024
2986
201328
278697
137156
689725
219451
106808
420712
147913
232377
558359
208782
604993
217027
142365
220760
130028
465538
205800
618444
16436
313958
588841
200802
176586
675195
484029
624787
282778
662642
83817
692388
87367
159840
504145
40721
122289
481883
544605
17009
191585
59175
629394
277435
552031
517184
265012
493194
432814
566167
634217
531088
197926
441420
620237
608208
28282
46407
271406
143438
278858
508984
346025
462080
49572
4370
14711
138282
368037
430780
473383
448491
358605
533489
125002
630094
251120
56650
466367
135668
200887
162720
22594
344197
181237
449348
528177
579027
648610
678982
251360
695302
341068
694655
189584
133821
100857
62450
397061
339020
589426
560361
126755
248798
477706
3319
647503
693467
464465
104888
176308
74588
87665
407159
580422
669583
71998
659573
517389
390345
499214
300688
6872
289734
153947
143616
193956
593711
622633
496328
92077
636335
189438
472237
699660
264254
474539
277154
135052
209482
236834
371786
632223
585407
667063
482107
443024
463708
37838
121836
476854
47292
673590
487891
692464
213650
102226
390052
383915
606313
244608
120632
650562
594109
509321
344949
341676
51001
551445
87117
379854
482985
319778
691390
304647
513892
515102
689986
244635
269112
268459
494981
694370
78381
376853
503919
429794
91654
258658
578482
250782
307641
568455
629113
20246
171188
516319
157178
558799
485760
432974
161322
165697
450897
433657
502713
433821
262872
56927
622030
358494
83491
441976
250262
476313
591464
257181
141151
301181
42091
197904
172017
76613
692823
388873
79013
363362
416781
664692
337165
303787
248266
323135
328472
498986
628243
601689
552926
546402
219618
271661
644911
52879
339319
365040
362764
65620
535326
177409
646557
440696
412385
505294
205060
271495
353550
209055
480614
455657
217304
167967
283386
232169
689883
574766
269051
205625
112083
554479
578102
494505
352861
168681
198170
419633
291936
82456
680626
139899
54256
551244
527819
673042
549109
642464
249133
324002
593275
274014
127994
462212
155667
11718
312183
315865
28102
94127
674178
401177
272396
164607
384140
154560
139108
442215
154076
246730
393484
409970
270411
170304
688777
357784
330972
672176
264325
357398
686051
121108
490353
251799
601449
505950
270371
194290
233046
242312
373346
556088
396272
306002
125791
595529
516070
450423
209378
121779
324618
143315
385343
52980
472819
523716
603861
97073
397127
199169
6666
186076
416948
395937
695491
481528
211765
656781
40144
697434
695178
230968
267545
234872
323726
277786
665052
543170
84000
405407
9075
337812
284336
32095
375531
151289
549973
219443
385415
690241
156970
552341
384270
469677
505646
261281
324769
460476
300334
561772
633502
452114
206877
352368
250857
215005
361087
84180
421260
585834
108267
513931
590613
595409
463894
583259
512720
354958
140896
538778
26397
510253
311405
68630
380601
73711
506253
588478
441963
65581
295612
445608
640752
350071
323256
306308
168260
481642
241282
593300
67177
93909
33587
49562
477600
674860
243516
261610
355843
453926
677493
46456
314579
116932
239076
694584
360621
87344
20544
347374
260252
487998
268555
71154
240286
177016
243804
598734
12539
217651
592572
442849
638643
543044
514217
35909
65927
660506
416370
150995
288984
179455
124290
532216
491166
382372
254248
80897
116991
95393
390801
495099
523558
492702
258529
437504
399384
655693
601410
295317
260073
5582
663493
551578
532557
576798
111579
117471
518808
655357
523273
76302
152905
435260
143940
326705
570736
443829
181160
71539
658488
245451
154973
667635
94438
121106
188263
286647
554911
125641
243515
549135
516054
356986
486362
383116
600576
491924
681413
324705
644247
343222
104194
598365
621202
380645
329942
63952
350675
542380
255583
6740
480882
531150
649863
558171
287313
522694
245848
649099
84297
270852
150550
33764
510261
644559
618986
521048
130183
169488
123535
559277
200944
368455
185564
198052
148463
356971
580860
665564
540062
496773
43508
632154
652959
24100
190091
279219
68306
274587
689933
555464
187401
375411
543946
313281
472006
599536
698784
493023
235978
380599
43667
673568
479015
527794
214770
70813
155233
35586
432352
264523
520241
278013
301970
363471
195
822
542323
626500
169107
672223
472984
7582
647617
176737
585355
182872
101445
662135
671731
486719
396701
114810
607831
344820
58371
514173
290008
635465
228217
385145
233906
168440
485513
271475
197275
406766
437363
39598
278260
453422
333454
640756
401311
615034
544910
291562
472957
263340
612873
623167
311076
632413
607396
22379
180414
574718
106120
41494
3910
359076
374160
304167
37053
681928
580456
683361
625215
181131
514123
452593
394741
51655
499829
249943
593092
549897
503167
609590
227947
635352
235664
9029
603194
627487
300276
361171
691345
268859
364006
311657
53257
309799
465484
512949
435084
288104
15759
46546
482177
484066
303777
119125
439673
390497
361612
644775
213322
89783
361711
459329
208582
583272
85378
603658
294583
568678
409308
438146
263929
574325
58946
150946
77150
525605
519832
20641
693028
337410
29594
191300
320220
677187
594771
556775
105884
271263
19135
620760
279804
57257
558423
140855
632959
134463
338086
143007
631406
361601
483589
594520
173632
227706
188424
7332
433971
148060
577172
514893
396384
629553
63240
384770
124479
258552
487313
375255
615198
692673
248572
625900
144958
243402
240524
385086
275365
436086
4096
684139
632176
272501
601680
93211
600874
434002
229654
376588
577606
361994
557671
425341
74497
675088
364271
458388
390444
277590
363693
327877
510693
378197
120721
208060
634304
472363
33854
384250
263799
699053
536954
491617
536719
42431
37332
694477
130479
616969
690890
669533
153158
60814
587005
314503
528995
66897
375117
626202
335838
164917
421032
679206
262473
650495
89849
312016
679215
672080
444253
465477
180846
360315
45227
465921
457006
658611
606012
588525
210891
237400
111390
522570
449648
688770
555768
241074
391396
639
637185
461722
445359
531557
191973
527355
74848
388357
104446
432316
279768
680020
118289
462229
324295
389508
77740
96742
239547
12317
452127
87312
5220
279077
176802
618783
351441
307905
695138
323847
557599
315407
20437
520904
595005
96098
636558
116288
531214
114947
522962
631453
519569
679249
683360
331415
673896
615777
49586
274418
145014
253452
422926
511821
196612
565219
529595
354253
206076
605187
281966
480595
418713
599351
374181
285832
21315
380514
47569
59473
473336
572633
82735
279975
475730
457219
147356
532958
513442
316202
696658
514278
347265
499080
224149
609461
429997
588277
260161
378444
533294
409413
71460
91211
634890
167228
431852
33300
694423
498374
31268
147696
618778
520498
379332
162795
223585
334429
89455
105842
149462
623352
681655
167107
260162
608605
336928
330692
493994
520332
28911
148113
566452
94867
147107
618343
496117
539206
675599
432612
446924
247995
296415
299531
377920
514890
602696
628094
197249
506259
538464
140137
156056
663703
3442
601775
89276
136237
493112
357959
327144
466411
465647
296802
352209
289902
4183
129778
482746
546202
358698
153222
344607
499679
670819
476437
651471
668320
424532
354225
233100
41331
649720
682193
448395
627348
66761
388207
511238
520514
559680
131034
278793
150961
556534
604574
388728
443811
278155
298149
697526
353289
271931
346093
603637
429484
480383
386445
281609
650998
607568
488861
205286
346913
134711
585559
397075
666742
611010
15576
335558
562292
371740
13899
210013
191699
47669
281180
73032
669419
447465
220284
568185
255124
630674
576544
484547
165571
64709
553195
325202
420270
375195
467253
636284
270906
417055
507613
626241
379257
451968
278554
680949
663178
127262
316699
436521
605295
647754
202223
488705
137524
590903
518805
562833
118
496095
243868
630614
484723
399102
437321
7577
537327
158282
526709
306436
572298
108357
655415
132201
184850
167374
241978
210247
423506
613537
215272
77024
541932
23981
576604
459152
147945
556711
155319
292996
358607
512080
226792
164876
526809
533696
606416
231360
521584
475689
295204
546953
89503
55254
39670
402335
64543
38214
527092
379549
339814
545704
65978
117522
667647
641198
19968
45048
445836
478089
208002
675189
490022
68948
292381
14745
299924
567657
298861
427409
650261
428728
95716
543922
127107
571421
559782
697377
148465
27144
157226
130641
491532
641685
21955
275572
514243
689968
534291
683062
461011
7070
548303
200249
595793
323913
254354
453937
377216
455682
389917
425212
231060
431287
156041
463870
172221
44387
665226
189157
160729
219707
227245
684374
652332
517265
219505
681131
638573
350546
182454
208948
178164
460338
136472
311202
51726
221746
311652
400075
651227
527955
613401
219670
149087
19448
521668
605533
162325
104153
350405
445621
603182
531592
607823
42378
84989
43101
685927
32369
274828
499334
442589
591609
57236
10474
572203
78629
668162
171376
441234
22168
565961
75381
46708
644386
320226
196268
669142
320869
205916
197830
238702
612605
400903
417597
647925
397475
253064
322691
417685
661636
21335
308102
76169
37897
614838
98888
83583
480363
330933
259436
208246
79950
132547
101619
558675
271758
599718
281101
378153
299341
259358
611969
259916
165905
356342
560113
602914
372777
128055
200956
339675
522678
196598
668744
50881
328261
366503
221721
580567
139455
182071
84704
629164
288395
389831
689353
368202
667695
620699
41579
428207
212103
528376
281142
560101
677589
1229
558061
596192
447924
210923
579608
353171
338644
691207
617129
19087
218821
671971
559862
393700
43491
577737
214340
641446
13514
496626
640190
374734
148611
690542
192082
330097
165359
300376
202415
273525
461039
276098
388110
404794
593804
387231
130186
364973
181027
151032
665336
184560
278066
239461
465193
387804
396837
112675
586634
121299
88968
475168
145248
661208
374807
385697
107235
137329
268474
511225
130905
332924
471287
521070
61991
632716
407551
163089
254137
165200
688471
82985
278260
193778
618701
115697
200695
332512
599983
130747
489089
511906
55119
277873
167570
592767
72230
184384
556462
588918
146840
43579
398157
173303
213771
234515
459901
630962
205138
159559
579080
685939
249336
588735
257030
110132
677593
590208
266470
372812
152883
346211
91158
139401
373195
55635
302757
378386
321512
373823
358315
575809
216079
564000
679907
696123
245739
18526
438742
646025
577802
565172
140603
546229
184225
674674
548445
286707
538214
527029
196231
59274
187256
696926
485256
638790
378524
563988
421849
677597
688798
553764
461171
682786
165008
186582
622313
490167
591860
309035
693829
55924
342097
344154
89787
624987
557108
594483
84649
356545
448413
3584
287837
560603
156174
110605
328027
187010
11640
588849
346543
366725
514192
602462
367149
472055
6016
613176
571800
93171
590580
466144
502165
368144
579240
445333
76969
190423
327522
365370
189267
119845
352569
71493
105245
427076
29644
672503
1357
76903
303974
228032
529849
698891
647213
244704
564273
309762
359892
304356
482375
209730
315855
363209
136244
442998
610822
196829
327738
113846
517414
634613
524297
655815
472777
237612
513234
178199
614852
331373
487447
193359
405736
44422
615443
326090
663589
147729
263657
148379
651950
500669
259236
111813
414978
49970
691377
321427
241075
384708
224829
535496
555683
557208
664324
461764
108272
453921
668821
160535
694307
501373
602101
312352
412216
193582
267809
484944
176920
610872
108771
556921
476321
451189
614651
519771
294579
362380
234555
173721
314306
244628
644780
352850
594890
597160
664971
144506
618193
545716
266737
331314
635240
255102
656696
93060
495414
311459
466345
33577
25606
648970
470741
139187
628820
27326
41382
403948
327421
353552
342531
434142
517801
327678
375563
17037
163502
359465
627580
110590
626314
351520
544813
142401
639069
115481
686127
611326
529027
349183
211363
337861
628564
494226
606103
304605
446456
654593
575777
247594
388687
110428
232396
512922
192587
341694
191099
487701
180842
482001
621080
393043
65746
295316
398664
34971
206837
445734
280087
129878
142513
162920
613634
224291
465414
488297
568196
415697
551397
243778
637171
466894
498474
448772
510805
402939
177893
171731
258119
92176
580518
242941
513398
690016
578560
382084
511756
563370
366936
339532
6438
249303
584790
440842
447333
141292
152168
315521
309665
453558
661627
455473
255913
185471
427175
170765
457724
523542
250097
262273
669531
19864
52354
677025
486092
306804
212484
585517
423300
320129
202155
624681
4243
523318
316890
349045
493628
288134
279572
466343
524766
380549
504087
236438
235408
63912
183960
45718
199563
148409
185733
99855
546580
368692
164877
507074
279738
4533
572990
170903
53196
550346
192491
363164
411884
134233
330229
476832
22854
570169
22766
583879
395868
243176
57829
560140
101792
301804
584426
34843
14840
677450
375678
279276
523009
697339
380227
461814
597133
511203
173392
550990
540514
664274
426337
437849
320562
365621
205980
499381
613247
33056
41672
233699
491295
202943
172393
268457
129280
497034
452546
154873
14946
198183
18318
130436
479503
360688
523401
585996
617895
208175
77481
64996
677578
279503
253612
199089
456254
598761
166950
270495
540563
446970
553634
487147
258052
442916
413356
303713
570104
62963
531663
286854
659192
89367
259190
18980
424729
280666
175944
476917
47839
85403
293048
429276
271861
696587
228366
174938
454691
426172
404551
91365
46567
43832
383479
435819
162801
239371
125130
242925
261967
379818
623137
126608
170839
111027
618369
58654
619376
685893
570518
286467
257932
693612
363383
20678
202252
336002
375355
639793
210873
498481
294866
133287
11100
171479
497476
330381
135745
6804
246696
244483
318521
267391
407905
67118
292707
324400
637249
536815
215288
623952
692086
215257
184015
11795
34790
198450
19756
511104
205834
68260
525265
555705
698380
59152
91206
279787
332132
576839
614728
325859
585354
35115
574246
567689
72604
155430
16504
6307
423113
89855
9930
269727
468932
309262
147683
116743
188583
661374
93736
558962
91854
516693
327722
266891
689558
329435
187587
191319
481367
539096
589822
217355
502465
14830
209770
300219
420438
199716
190939
601592
52848
419323
67016
246642
34517
420772
387410
459851
250759
586149
489765
396354
179398
293753
337465
344495
520816
261036
696047
156942
513026
260974
444901
440777
520564
138701
445383
672400
37447
590503
135986
265985
3379
525084
313041
336354
471017
255156
22455
268189
615859
276417
296611
209193
240755
161519
567199
443210
563886
315410
108417
434353
373241
555483
7237
78996
350743
139157
431378
148739
9338
20395
488746
621646
300955
177797
241868
375235
521604
261567
89052
205524
279402
578044
339919
275757
676951
208720
217940
249680
647230
254039
45699
420881
530062
43452
318092
356387
307744
69243
276450
145859
111736
507504
52786
80144
125749
694492
6648
357972
336931
297289
195402
505265
222659
638898
556349
336557
500340
68816
440010
120770
290912
410696
322880
697899
641044
210777
531804
256891
394651
580489
94495
585326
104445
617708
411485
673487
467168
52161
486067
348984
209156
37980
179493
391054
205391
587577
594847
26541
61190
331359
590262
7624
590145
390115
288287
322509
589604
404784
260837
335125
517826
345378
639364
211304
235749
248261
546598
7099
630585
222495
304948
550998
74276
99350
656903
459768
678035
582359
91797
395187
430957
291859
583844
248178
549379
119732
631073
599073
671151
245414
302969
438267
463605
158202
457138
27021
628449
327754
215716
99185
313414
662938
143484
29344
271464
118587
21869
373902
113461
408931
618271
33482
404074
677707
621583
650859
290041
39839
14380
472409
312375
414986
280273
508283
108323
89922
393588
370801
610753
604379
462313
69119
320670
419336
343252
449560
136496
46985
628443
497474
345196
532003
151977
663271
464209
507734
153400
97123
504610
423769
135935
224344
275033
342663
268677
212244
636613
680506
134993
354683
474867
585148
288647
593443
463079
385925
600516
616833
387164
563051
304108
437618
83607
590810
363109
268997
654003
258956
637139
667707
56118
53987
287848
28149
602661
605869
550877
685220
669670
26345
206650
141280
664722
154976
524871
76459
9049
134040
477044
53540
76851
241693
83665
284028
219074
251560
631145
360697
6358
236183
598038
384897
503376
695207
181386
54246
14354
107067
357863
48072
242725
324947
484111
603554
262500
627116
538646
622085
321912
139627
280654
130166
271108
118661
87560
487194
38660
555864
337038
442620
88097
651122
270135
35402
257900
351287
386226
661382
695848
406975
489092
642595
186787
63740
598885
555658
695233
656958
338163
483185
147311
180969
440869
260909
73507
359311
385661
181760
510258
440272
412289
531280
626980
28841
133274
28097
599342
338882
504374
165415
385699
523831
589639
324880
290867
49248
641247
521317
482984
370103
685413
678288
137123
491597
505881
4034
138879
459934
534273
271455
285803
82471
398693
158200
200743
611920
97150
31788
255907
364288
538061
586184
567892
532296
189821
421741
252064
317505
412586
656582
407681
620254
298726
116724
448342
406331
480854
528888
303710
372009
327233
179918
199731
215542
465561
288580
268796
230056
352255
251566
317848
392573
481279
379323
421428
84002
161325
326143
46876
606729
565779
371408
387185
208620
676481
237989
242997
233888
237100
7500
569891
544802
522767
632406
612118
302035
489941
247198
91690
418084
522325
264330
276354
649740
359923
454738
695526
94374
470145
223032
248791
63530
602131
204808
584417
412968
928
135301
249346
147168
410606
82137
451954
440297
89126
247712
442172
161051
24325
611432
114229
327183
563684
531829
470360
82329
678629
537048
570917
108290
75562
154937
349063
10238
382008
195030
47631
28998
30245
51080
619265
50873
459422
330188
528607
195594
401145
120014
98994
431712
221415
113547
674721
286897
66159
84668
660008
1863
250509
32767
224911
267173
568203
547937
666708
627300
640081
646605
263622
395490
498670
428956
624731
587628
52671
324542
253589
654532
375402
279741
689473
336340
291710
405714
533524
131356
54197
648686
15919
81359
337304
640001
530857
270934
591522
626361
299685
209057
48279
503008
623461
526065
673590
81002
320648
236250
543323
254541
579045
452125
268075
58403
314332
47930
305530
391152
108435
178959
384055
599501
232862
263252
231317
615059
105525
430993
680735
559626
206012
617935
592897
670339
536843
282118
27989
688527
537164
477984
118703
72960
134442
548549
538890
102222
137681
2384
277737
104152
215112
679652
554330
513350
516586
207237
647419
299167
506696
122481
101658
204979
675431
19036
568423
216857
376118
34149
43976
482994
579499
288843
285765
310157
360558
525945
573852
10570
530640
384423
454227
323107
255339
253347
676878
656682
640602
268546
673333
252864
203611
315067
459059
161535
125760
371312
635714
638510
6144
665133
597860
432808
144763
588176
115666
307010
539905
433685
31338
163954
17575
686247
524700
377743
40486
212696
32584
30763
679966
558721
557337
59752
139030
99251
118928
128487
613267
50508
570287
161827
116445
291069
67534
339534
258313
148498
59856
149256
70634
547700
194350
512022
231486
122475
620607
615439
456456
342489
160306
283691
562741
667070
167433
389930
140262
633093
483076
212715
525819
515347
124574
44564
245194
450082
294339
74590
629801
653515
603690
688664
654824
383273
695333
295696
77767
101959
248605
256882
608751
549445
308834
61137
54503
648967
151833
570942
67181
625498
138799
573799
467820
354005
459289
527832
23910
574509
353311
393766
655336
263827
138735
453245
547337
692002
548747
223751
446261
404287
446253
581757
146692
100720
605654
349349
517627
664590
454680
9094
543198
502298
215933
530680
332183
66203
18073
80872
610525
441722
677916
597009
603615
502928
313751
565999
394317
175802
583674
94408
692377
690869
382405
252801
6096
525292
595562
360202
246649
286394
573283
455418
335911
575747
40624
337443
262284
534411
164232
110319
650962
270345
327853
688988
521819
295827
20444
373640
662665
699684
3773
644213
104034
522696
251258
342160
663912
516993
679681
89388
182331
524676
459043
512944
79972
172282
476300
580737
451681
586630
67111
300381
488247
530392
9475
665674
263155
358183
25491
410261
331322
354060
190018
586060
37356
587426
684838
205367
164956
572409
31189
248748
29244
172436
209992
102289
685792
244776
487405
120066
126597
320534
22887
406698
685356
323512
393582
432752
11478
584310
301766
397092
101294
296857
695501
525309
588990
588783
435572
75936
364609
217250
509511
495174
13056
586445
274232
141541
206268
227164
488847
160253
81780
49770
432642
545375
135726
125888
81443
30969
266642
698015
205844
534808
317576
699515
545458
285063
674389
223279
12303
505260
659254
186700
693372
279615
621015
378474
300287
46835
404212
535535
573017
431922
59022
317315
394040
283382
202077
373711
450268
550183
36076
155383
554716
478876
612050
132978
21588
212675
339799
104616
594523
314549
10536
36569
303450
17313
536500
541930
53630
496689
568618
485523
391549
539483
573593
636912
553591
249363
672422
316253
686231
553615
73056
577944
516434
239747
346856
635974
61770
507997
193367
94388
12965
467159
687872
378543
416732
205667
5563
63174
114278
11267
644666
267294
595161
693836
694554
509276
623298
548632
185030
505936
146816
57439
54807
312118
114824
429295
102628
343105
229157
166240
578166
248347
372137
227833
207139
291969
380232
141702
267529
437267
344065
513657
579630
271785
582708
445534
469728
501371
236956
685344
276270
512882
607554
69949
192579
654503
226114
637369
49873
199545
350441
120020
543453
617613
75442
249138
57075
618399
516414
368448
469369
3863
478489
507790
150862
169148
253638
174685
250349
245585
439291
430993
622380
282259
623399
371736
457438
23661
293659
496579
614359
350276
535358
151718
133980
421096
232596
676571
223465
212640
32826
400380
570432
605307
435389
530028
420808
322775
285607
267051
627004
157795
556231
184366
118907
274178
402487
561270
36569
160599
59492
648957
100555
619794
43428
662739
460113
197311
146704
354124
283965
275871
240865
200249
648279
505693
320795
518125
529127
201821
632458
690363
86071
613167
234089
142795
559285
695593
260208
378814
155180
648238
137976
33455
554314
440525
472
578175
470024
484527
415677
182772
680756
349622
541492
539339
509222
488216
667934
666447
149724
679649
444632
466480
434848
482892
37206
669395
479026
246462
624344
339289
428431
496360
476154
560935
280245
372197
40207
395688
595384
145114
398139
498218
482860
298301
235512
562039
333053
625819
683028
477596
699399
547003
399175
598489
79374
173477
101042
437109
340373
140899
42986
239937
455052
392531
341261
630732
268374
239473
590965
252215
144308
487889
3029
508281
612972
15437
483279
648673
12916
695024
589810
661189
23096
387790
532285
410487
187877
179303
589952
225124
353620
101156
675634
633617
577684
368692
460665
290926
277365
426014
606292
243764
290814
148379
115159
49186
234112
19890
52446
95865
696685
486574
11076
554962
692484
403312
187631
16457
273215
452182
159506
105384
597316
532913
31111
388829
146085
492665
319092
412680
545778
557269
308285
159786
339393
170339
666403
633569
366145
38415
577160
224962
340381
176767
107505
659633
582823
462415
217044
197634
667832
545597
688696
615739
471763
276231
592870
491626
584617
204817
71407
67881
371781
667302
408432
652774
243237
471799
602306
459342
76704
464837
563168
96342
574882
183200
67733
693495
126658
336711
481455
31398
82188
613572
17452
585299
350260
121275
326482
29537
100271
567806
415747
64679
486881
229811
555860
97201
698820
441738
209388
349053
553211
298674
38587
332795
383028
619196
381690
166708
53491
520266
639235
306469
91371
357556
278556
360191
34683
144896
366176
440244
496280
584870
99403
331741
506285
29052
360311
687107
268705
600403
677304
656793
285884
25917
560132
646636
269136
381167
248219
414983
101918
352703
606571
17534
342421
313145
587215
508799
322113
685362
35232
99641
454806
629774
186899
296902
177417
174311
595367
31073
292050
647286
106871
218146
650661
283401
2848
130167
259898
77116
625959
270160
338669
481652
380983
14572
413993
505493
363562
296463
187034
139159
172169
529914
596417
606099
577337
150563
520731
265286
173745
558897
616544
526827
145500
697001
615593
215059
214548
590977
32394
383296
510567
100405
684913
664359
155023
468284
689255
47815
313264
369315
351242
496096
571871
43205
201304
36052
591856
684675
128562
249400
682668
325645
122764
30019
367175
660503
479895
640683
666869
622996
261494
359696
23654
97632
133611
402428
22207
630536
637248
682911
181825
355813
626468
445230
77508
98493
377769
276073
468930
430948
57774
280737
135406
646296
107533
494975
281135
439342
411981
126264
471964
170495
142075
665416
85122
210180
299725
234524
67175
602261
292124
498043
331623
595197
13737
122734
530972
438842
484809
265566
183549
19610
411163
580111
6661
151220
699784
372129
647080
33956
484082
359477
655061
246556
657774
239617
311399
139914
88157
619520
418601
612558
649786
326493
42606
291894
528365
76524
274070
412820
586554
187207
526224
608744
23276
574750
160985
38530
436722
377710
640927
561109
653183
182106
194666
147653
401919
391597
185647
523569
539755
378224
60746
449381
306433
699274
234243
374996
112197
268334
575430
282850
431835
546767
536173
219939
15061
354617
614359
174690
443339
357707
442009
368891
268023
124677
375682
499280
595352
469969
635840
550210
269257
642860
77925
368179
227911
526217
403269
218928
63244
217788
280919
485434
182375
11823
246519
679753
254306
167454
437235
206336
666515
55197
349054
508681
435454
563688
196574
346714
330030
173627
201602
43309
11675
601261
516599
579272
152965
628502
360138
105471
167119
685445
236957
372903
352325
372130
256302
368712
290188
600928
323037
496838
582198
675163
344993
564002
4234
668953
158017
583576
547605
529474
264216
149447
279969
53166
503360
641298
108499
372202
191703
336723
61608
639413
600881
205067
207743
107131
545847
677242
204407
483071
151551
76600
55418
671841
325252
208972
329882
494927
203692
648965
627966
395806
619725
404998
189611
29922
574639
319056
631427
152995
282018
164278
198334
392028
292548
135828
258459
249560
559593
629111
648861
491710
530566
275020
235391
79579
513147
432817
367850
420861
473172
335923
253815
5582
175102
506677
329907
318381
280688
51866
513172
178386
175788
664926
346997
177777
354064
175317
454706
580533
501523
134431
172288
549432
318272
198426
216586
374514
452079
63774
686030
288257
183767
350745
69284
560886
200176
655142
450821
602113
289440
291991
238390
21070
335002
332731
514534
412098
430401
473598
40292
507756
555910
50204
623381
568254
449471
511442
54482
529489
55019
300016
605040
595570
149541
294424
190873
638296
301405
626874
220313
39346
570695
573694
81303
590185
305194
9113
388894
153383
698120
161410
607111
277362
281280
498464
568101
307767
105140
258335
120433
579397
43999
49151
343202
119148
402767
686803
222717
17254
294578
293002
237175
695978
33040
142897
30051
604877
47594
425734
509031
329897
84552
214819
107208
166021
85078
676853
201374
74395
468407
442173
154341
293841
7219
486826
45198
365135
424368
633058
512323
406076
52374
629834
395296
148434
56239
687088
541602
151716
363291
171599
514883
165057
429757
384160
526994
159971
363607
224745
175199
118270
313308
66239
151460
237049
395742
225416
296097
237658
559079
548174
289165
97994
366064
238296
522687
369655
27004
328363
470757
447036
649231
61440
438237
322730
318899
401292
206858
697845
136780
294194
312177
24536
573949
378278
669026
312241
421619
82314
227452
171021
693041
39253
597657
31853
52814
696513
277683
36191
169111
538726
291854
161835
690018
498222
88970
451642
689619
172998
410897
602229
629072
91431
529593
623100
218021
291839
105156
690461
10272
356517
436715
22985
160111
353944
662278
422287
83715
263424
165409
421009
57518
276752
274508
480372
24680
41947
550506
181180
170236
34042
545925
279630
32156
614705
381487
407984
93428
543021
299078
387272
2062
273479
174906
346857
604410
677791
19505
660645
613819
295476
161381
223123
590783
640444
106727
565067
521643
79177
24651
637722
667683
175874
587051
242163
140494
6556
457431
519297
428085
200322
120130
396663
138248
376604
184090
55883
314718
533668
113450
248091
293060
596272
360137
319463
91981
394903
337669
383513
195240
331624
205230
409183
567177
686700
583516
310077
449365
227780
346664
144854
348581
446315
697394
651581
353949
306657
5342
471051
74609
73566
444586
336900
201245
499014
48352
52900
379942
498778
444176
694912
429065
144963
609991
646728
399384
126874
23405
579295
480778
338948
155572
671940
340540
72229
607108
134784
24135
450416
146246
383085
416446
660399
28972
684492
166590
382660
247389
48284
139578
120927
83325
415880
548576
574367
656415
447084
237172
120070
52427
201451
645424
88727
77591
592198
367851
21351
359803
44372
14350
320565
101527
657381
250850
504397
361633
406557
28581
277982
286205
333776
302206
615697
104073
502871
655867
319279
395877
240700
346113
606084
148534
266662
568496
170642
477187
229654
74790
583027
641630
429899
204155
603070
620120
356718
28597
74694
493202
435565
224541
399215
476750
650703
239509
494954
630897
463381
398708
406128
312823
596057
246762
286956
612097
185809
118993
485027
172199
134850
660526
618331
14818
528684
604637
577591
203007
556177
398301
44703
155089
277267
241752
293837
415539
611279
535906
302534
559858
604901
178526
233081
311339
216036
66058
687751
510638
637975
539677
611499
458892
678419
424609
24632
58623
571622
413481
355120
220939
354926
55640
351685
684799
696295
127718
341006
472368
422762
658356
575754
349547
124452
510461
293990
448333
536399
208502
195028
305605
466288
596806
513578
123182
347591
46387
110631
422110
367
367449
88962
179577
342712
645580
336095
65418
649189
28204
416278
201369
556725
286508
532790
686174
625404
257378
221903
47239
99688
496977
516537
325278
309741
270145
689509
486699
469026
297551
614895
250643
101041
547771
178209
91059
385833
549709
655371
570824
292851
353296
571029
591286
176829
38987
237252
437107
578633
269085
46247
454991
434771
486442
601360
397865
17382
487901
422142
345962
621134
49234
365653
667555
39283
384502
338290
225568
270062
524931
5870
581570
503168
107699
113507
538598
438228
483277
313334
178774
44956
96074
626259
525743
666975
450010
242176
206735
116031
86468
416341
72565
420050
133275
653291
324589
137797
449327
307552
521778
128240
39910
593775
185517
645929
513975
207480
480241
196993
401892
342521
550160
572061
559642
171293
591073
115274
419243
528423
608028
264403
50861
666431
355684
658381
388975
104288
562723
508835
473422
86379
204537
182402
23419
4478
420594
206541
37009
503900
169522
351815
179518
151256
164612
640864
524086
238594
445125
33841
528963
467708
168728
566969
623774
638746
374001
85307
654
514538
545354
212169
676217
617209
583907
401745
654612
543962
290902
116587
280750
126287
207145
619288
216755
626253
87711
545973
34518
362780
435748
635274
391985
699817
400511
25510
647733
512088
134680
585574
673436
1626
442589
401982
83078
341877
660874
383842
563719
625688
507728
229866
95848
156732
218467
336861
334332
328746
59097
44551
234709
494536
301931
252876
98401
487885
206686
622612
633771
142583
320612
165578
121717
442269
316919
54576
349328
156922
78811
371265
264692
544213
467084
411953
490133
405801
595589
58540
18690
461630
181874
600673
15774
242497
648963
458885
123370
550934
659838
24440
100295
4507
196455
272141
144706
91310
58069
48831
261347
142015
230288
324716
313521
228891
127073
445379
69754
342614
318672
191057
259449
285104
141411
671849
241503
512223
607951
266904
329348
97723
659364
176154
443889
484865
382264
571423
266277
312145
636206
326655
155936
440285
667473
569144
272957
79963
257754
289884
279549
406350
405298
551222
383705
418282
354187
685416
552742
226248
70616
653763
220635
662690
219508
104865
455556
382073
356758
572873
210948
15530
676046
221355
172077
399641
374619
446475
653528
628863
493167
405099
177223
76337
271558
107592
143217
184229
592957
273812
174241
482989
609833
556616
468814
312715
305806
19285
171624
400028
461998
264480
597436
627452
110492
101583
213675
15880
13811
599610
51617
533025
673141
366716
324565
696810
218211
432670
95112
21545
500333
567065
449170
253511
9937
389526
349887
217102
426388
375607
157599
437178
345267
74577
510143
175988
553113
342740
407650
696617
588954
450529
98479
411414
392965
423035
314430
184164
324164
216255
401391
272199
100475
407910
310633
126213
297335
300843
34691
23345
382610
442346
380359
745
102537
577422
13398
695589
260727
407679
508264
627877
567581
411365
310538
627238
599436
360243
32623
219424
282848
500860
368021
687812
417842
228578
649910
441931
420372
670454
470632
692666
584732
586637
329127
84017
527307
348696
616185
623836
183518
678562
262028
532761
358039
479774
153286
683979
11058
241190
469100
155893
683100
679584
593923
353675
291422
10216
229541
202290
487981
675190
127284
695625
349622
588154
297550
608126
599154
695902
206700
419578
358510
13297
462708
323612
578502
281755
19289
357392
460589
7104
36230
130345
490738
605406
158185
302429
196983
195293
416937
359580
663489
192798
573354
62266
512804
429925
495269
451778
504882
149377
35079
332085
189293
632362
63720
644862
172656
634746
152603
204593
376398
393290
403126
168382
184119
348381
475000
379345
40690
597588
336846
586220
646976
468549
189748
398142
236247
546860
552197
284893
118594
334956
534118
486482
471829
299674
464976
318949
453291
199203
541641
187178
443233
185508
163121
466840
247898
614458
3074
321228
474168
665986
233710
8046
411054
531379
422627
219198
260433
33999
214696
223360
396324
482655
307879
249038
15275
555964
61815
277442
3306
463518
297208
674347
595775
619802
575172
387547
318891
527934
592086
105075
347825
663513
392962
145782
272061
501573
289017
201305
543013
439230
44521
494911
432397
90272
142326
203405
134713
289229
537278
566601
177226
169471
393609
663507
670818
29645
126686
241354
103386
83669
668627
437922
502764
294396
348804
255838
562888
342636
370359
455113
124761
162655
578518
664903
668205
112126
546551
665381
129379
222692
84464
62266
223874
485827
614998
401119
593488
548068
473217
353886
18455
381813
81327
526944
564128
317748
281269
16641
277603
161304
150337
697263
661442
338419
245277
296254
330665
9348
263686
163291
458926
453460
381645
367725
362279
636135
617197
446836
428870
278404
240527
9203
468811
660763
327801
138447
19565
351630
518108
429506
273717
490881
544108
431591
278837
560655
606166
381987
560276
387563
477644
145362
156213
678966
257713
296297
220726
506480
98547
615339
629658
414736
615814
343356
632265
356953
288691
555251
49302
46195
119849
292491
86618
10110
695139
259750
654441
336346
680229
3581
124169
270376
66352
396055
665858
264383
404667
116424
591851
222411
504061
655547
59601
430611
458607
287493
689948
90644
451603
639790
188778
154780
613006
628508
659150
424571
358075
11733
350362
322435
206183
272640
488210
337462
507168
285289
216377
228282
525179
77776
128108
7456
206987
275627
506922
689897
435304
555438
191464
602529
370045
243374
563434
202732
236240
534307
135880
635108
306902
146439
369563
612132
439284
593335
217886
457469
669438
284112
172927
645702
97502
179142
59030
348077
144806
473670
267066
43393
630002
120720
6665
384876
278231
478258
331792
269928
674734
621781
362871
183925
480997
441743
594177
298605
185268
523378
64269
560748
465896
109034
140624
247750
376655
409413
124036
219213
595090
93096
514313
299247
412505
633606
137821
676525
183066
510036
10473
227322
83757
271880
487959
474322
616384
546408
140504
615187
352321
60422
549293
540944
525130
532295
526440
564187
669660
140257
661771
88419
122690
184286
575908
634281
696272
10851
375067
135556
413959
448702
321815
225663
161249
672023
142619
70581
146668
36245
11619
590305
181970
467856
446263
557258
531355
483607
555376
509234
583068
128447
509230
68534
287469
518287
413935
249229
430963
49551
285800
400028
365318
493185
81073
135821
340906
48474
137088
245035
61914
533463
287642
558918
499080
163206
182287
307170
681264
268754
699608
599887
437791
6391
694300
199903
35798
588802
505500
507682
491066
249370
645687
207240
338623
518699
404889
379669
100054
82853
684850
245336
442246
657439
698355
386070
584137
537512
48577
162175
113407
118620
308963
637570
492466
393997
577923
522792
359439
573442
292898
616664
212506
303328
597549
223891
24936
4210
503601
660473
597012
137851
476379
689014
497749
350704
517607
495426
622762
373072
664814
617951
520507
552305
7910
395357
42199
74962
198677
270676
614739
111265
268201
129411
610607
358903
527684
36719
344775
293761
290502
315814
479254
229186
552973
398836
451894
593425
210956
633933
182488
314688
539997
426746
356938
517572
530751
565932
553294
110376
659926
494338
193879
220863
270679
361627
207329
539105
221903
94398
351561
267159
6228
15972
599287
44342
569776
378708
226858
410393
480812
123347
325926
129974
225809
47677
350072
573864
665841
259360
90271
670226
133975
178333
607231
616269
587376
662754
634288
18800
4213
423489
328756
301831
361655
560422
220035
295461
583777
594037
199004
248200
288861
348221
306412
270632
388180
281278
580626
406292
246767
370851
69414
565805
13501
534028
74386
456183
191898
357804
232585
22345
387031
107927
299989
221596
51701
442921
171174
364882
24559
277402
596157
359774
108692
356739
261514
142075
307721
134457
164119
299527
588712
502710
573746
110716
2040
136291
609248
516136
145266
564177
302076
296113
421174
463761
437513
605935
415042
479011
17289
537589
684322
502451
347523
597365
193411
263814
172579
568249
138200
72079
233220
25210
154427
341201
84340
112510
261228
121178
354100
188321
593274
127408
206500
144176
100261
656805
303205
85666
190041
4603
505559
45553
357510
516015
303628
271697
119291
654897
520305
413190
518398
296315
488061
91738
368674
113977
420121
534418
365616
51998
139719
428323
665455
460167
113524
7829
434131
251648
593547
202385
270632
677962
308805
469509
580471
628616
245264
323454
657473
604555
42733
29146
196901
206547
504962
246803
88838
542442
153489
192389
664639
293103
687100
465303
102901
416747
545086
41411
553811
359731
146051
119580
75958
160916
68581
216420
257255
438400
406088
327909
313593
692157
439114
63478
375900
162121
382251
519136
153298
456659
137587
586190
458962
416288
35080
534745
511935
106441
392251
322803
537049
614897
484891
457320
563093
642081
236493
8143
174805
488305
17553
20379
582564
180859
43082
76698
555539
650028
426793
816
564705
80573
487015
560316
283658
554288
109076
523180
638019
640864
299896
55876
164724
375829
114948
220834
405258
360116
291704
426389
413437
397616
685723
22707
627490
325425
27736
563424
439299
113991
39397
305414
549526
183893
140979
357308
445244
352495
597125
36486
33814
502630
565544
1190
375165
481172
624172
223011
26290
382719
671318
453293
76077
510923
495703
519455
128539
442493
326323
691687
51884
162065
214752
524198
31340
100677
133158
398604
360700
586422
474655
637629
165868
629558
590150
40018
242801
128231
409009
112701
59155
191070
154760
453926
547098
181330
19023
567298
550298
207903
132103
614612
91310
570941
632067
362775
209517
494094
484150
43340
240598
104901
421946
695721
169810
253099
247290
603366
204215
116077
243315
164756
280038
127037
678431
264399
507247
129352
565744
607874
698665
492022
289254
181826
477749
519508
572096
475026
413436
511781
369371
265025
324180
612428
206509
309891
469910
58731
2630
417916
515370
438879
101365
403366
350100
252153
271684
173528
347279
294055
331348
362833
484330
8027
643319
516002
438314
630023
193340
619765
678630
496100
465806
230272
499414
431426
500495
452993
687716
340590
668698
365861
527029
146311
465999
614429
281256
357315
190549
106293
66037
275463
651787
699584
12494
317595
505754
695391
413537
65624
98514
149819
155739
69437
692428
447076
279684
624726
673718
137770
364067
651165
110179
139428
86787
259937
664239
663837
120965
151984
502627
10975
469551
690073
572219
203563
128788
10799
375988
385105
374568
649027
361627
436717
395504
228626
606616
693737
79421
37091
415599
699811
284312
409115
162667
553795
251129
508994
124707
146473
8692
280061
92194
280657
120673
361791
403426
93527
672014
555068
235405
571768
627454
98202
182140
145246
630920
609125
240072
401852
481753
225824
55967
301895
241414
61331
136584
455739
54321
552141
288489
277822
374027
551170
451651
557207
525292
562002
594711
686581
303755
656334
341752
289386
5284
262817
220275
336958
220488
26637
630867
591270
435253
46126
513855
107725
214369
265304
307561
310117
299571
558421
515060
438802
679388
185470
681799
406037
316943
435814
112945
473733
397726
470303
665267
380153
279015
539970
80382
97882
578264
392815
254112
628141
415317
107573
359858
549180
604149
408079
660296
387765
591384
634933
278055
65671
230400
525121
539848
411145
241141
428038
576956
650821
236868
305371
33101
129626
513927
210915
125398
543395
542882
445643
212721
82224
602876
698094
496273
228650
162816
334126
405577
242516
577522
35423
346388
202406
621823
537215
638656
122579
426001
253589
142004
219631
319681
259465
263793
3375
548641
44135
448318
225120
137280
4050
181057
374449
481704
12656
82415
157801
650523
80516
568675
195797
658294
346002
379616
123232
653842
113629
379739
391158
504103
407447
589935
159593
422307
667689
96790
247315
315828
586346
81244
632862
457544
154625
577975
583136
369929
297667
216660
273432
41114
251320
229109
667509
78798
630818
456725
18852
374939
33519
486928
317699
649295
425040
252958
117827
680692
302035
131990
103461
524317
351772
497854
157461
284666
132138
370154
587799
400632
344950
8186
634714
662336
615946
363792
604407
162264
695234
61103
127207
504565
126060
325522
102748
499988
681536
394586
699861
18272
292798
320212
363400
274653
266847
488556
179741
675569
156652
654315
11637
527292
274535
436566
429790
697351
351895
53003
554116
524533
528621
435588
117199
2114
191700
334715
570289
667866
550880
592125
497545
445588
137066
571621
186731
574548
465752
373917
58626
551930
295415
250823
277039
617335
274580
425015
166611
367533
200220
393355
3313
532347
72828
69968
616381
310821
372964
316387
145000
515080
162397
602132
263550
542931
342999
509507
336977
329071
340903
268484
214395
685527
215198
652360
569449
127078
472742
126894
321289
85461
635654
599345
79499
87819
164289
83433
499067
426099
518923
365840
674682
72313
78190
176520
305089
15581
603814
601185
214532
680723
672592
336574
340138
69543
472992
504746
16738
525317
686454
170402
281257
570567
357312
333745
310753
437692
47377
128694
295788
575993
449602
84467
106930
250279
696253
341398
163272
30893
180073
575960
561938
80506
284072
299861
103050
257649
698524
615065
88590
317179
163037
252465
503478
24736
284108
12079
687725
176591
277563
163005
321673
609786
61040
336153
15546
18939
194019
590257
300840
128887
12827
38969
280959
583127
426983
16339
548197
609212
463484
137413
545522
308457
618643
215478
192810
617690
405807
354838
144477
685365
277678
510501
556654
411877
656314
132904
428872
417602
217864
578287
615332
645862
207154
174609
551918
285572
572136
480700
535299
55308
659904
466141
210847
265574
115984
699150
490883
159836
135739
497723
656503
143545
80123
639361
628695
232118
386934
575440
21911
263563
673238
39413
669896
141992
674998
235366
218270
104507
560562
173507
143060
490304
472906
52212
356274
281300
417905
394977
376957
467441
508821
87598
484717
56252
503494
221383
524750
561171
540058
331821
548465
262211
466667
188368
268802
219977
258536
340097
212125
162922
13801
626937
14566
344525
506637
255447
120616
509122
317853
265877
424306
71795
330256
431318
444851
639861
219894
123083