9000
898314
248217
50075
851690
589289
624418
464258
167111
777657
824869
802383
243677
307823
662885
88587
400510
45934
513401
856925
785149
741919
253419
42809
672123
752426
866567
459764
601240
829544
92649
308453
225604
718900
252537
60931
246213
684053
106967
591528
247918
479698
144131
507906
425242
401421
669281
335178
575608
533807
49523
300847
290952
97315
27512
689505
310846
640003
498049
216549
348324
511337
490173
238204
783384
213370
18498
404936
144111
681612
451197
255084
415060
612444
434243
162064
179003
753957
505073
581968
233134
53731
342855
93410
415203
832606
455492
594213
15615
864349
117220
314924
845106
861649
238803
190912
516569
274637
494770
94064
712829
885899
516486
191749
53048
461513
229203
638907
189524
622861
174531
598547
881013
847458
845850
542867
690389
348035
42514
237840
712919
345524
572938
121236
238350
552491
98614
829140
71444
369328
311680
110323
122607
625629
598738
608328
525957
185909
73135
494723
361155
436552
145763
765061
123608
480707
476184
166670
646397
106279
858358
593841
801245
564226
571602
867621
578366
579547
569269
369946
523133
166601
645422
107874
286085
783207
285301
472070
623999
711707
504379
147416
340589
583436
329689
764376
485553
293678
650298
506057
880258
354621
406192
89419
74400
321678
506279
861454
188303
278332
379694
839923
455137
360767
543668
10836
452422
134970
703530
641725
408018
345496
95474
535535
767238
637516
105271
383324
663702
223903
391066
774094
872620
138267
680535
58202
8477
288399
405055
840409
747127
437977
676335
802970
288259
564241
883417
373956
149772
304885
448455
563912
865664
725098
138764
400994
888171
657114
438727
497805
878965
633637
317374
166104
775555
91832
224191
189667
840125
382737
190479
224556
154671
823972
566001
85095
480273
61208
346380
329658
493985
269797
317385
455934
740154
875174
239993
888676
806451
376221
762477
879791
698655
469640
334820
654389
169460
826329
292265
322623
796221
247982
361388
584916
436837
877616
417812
445765
130266
848683
460091
747131
659611
770206
596577
258400
427752
320418
365384
427594
703446
452092
569060
348852
197218
278034
446959
544472
817514
89610
711297
384643
837308
254988
403613
609893
470643
533332
60379
636678
399489
814823
560218
450609
57389
339215
75105
641098
304645
217688
532433
576217
366791
406771
130109
661589
386680
516922
799765
651636
636387
784468
251247
243502
430200
353215
415094
788533
363647
227962
7644
561952
512016
221069
105750
572178
506421
592597
364204
276105
70162
198887
675402
739964
689638
325091
884201
727525
512687
168328
752328
632647
31886
687421
396322
743833
502738
100487
28682
688856
343461
688753
850737
502852
671283
51568
412124
775193
451988
262645
380114
828698
367502
396264
496933
431524
315020
150436
26033
546123
128880
419068
220711
259717
722310
892883
330008
244605
263
155645
567021
611314
158105
548399
805556
543114
82264
137468
47862
715714
494776
56854
627735
254027
53791
874664
270028
538811
158843
189976
81523
140648
448647
595342
101858
174946
545205
42262
393640
759586
298190
154475
809510
656443
567054
455687
828239
880873
359079
98555
680541
276946
634838
475368
474168
798165
416417
267407
403504
232734
599848
646984
649411
838095
509493
92674
71845
632913
34748
363827
357715
410414
278930
381389
879138
383957
632375
852140
70692
746387
860574
751706
795430
83746
151473
354879
22727
291740
233759
292804
73053
677595
604866
207641
141635
534959
109939
377687
343066
10033
484799
670254
476012
495274
392020
657335
440934
112976
134785
53378
379694
201417
626834
173688
603321
779686
751705
265749
194996
591135
799257
692251
9074
109455
570754
742335
328113
685290
314654
308411
775733
313733
863966
240322
674656
343501
400871
558945
587095
897759
237311
179562
384256
321402
436242
138759
419112
308111
363590
785022
459388
448009
513163
870534
754235
476087
444571
566149
678614
792189
31782
431528
60996
156116
270487
633936
732417
521385
207434
677865
226127
707712
381985
2702
795787
470517
516367
889425
819577
136184
775711
884136
52762
186584
507403
816273
63325
753286
243120
33247
11305
232437
721250
207816
836447
254896
427458
67819
350575
220644
450161
138127
432815
82443
584405
17844
224302
384186
444491
236701
629140
650963
768466
352565
387742
201820
371189
153631
477631
848969
342040
822460
417021
695255
727909
644656
238536
448582
4227
522711
83630
672309
95242
536194
206345
861048
99827
74044
277305
312779
236441
142744
188910
841438
511711
147278
706585
593713
476783
692870
251767
404191
520049
209524
857416
893628
273766
249923
878236
482482
41405
451439
664757
763608
527986
332176
28604
450707
748766
69161
336139
458514
559784
812505
722321
133114
573819
759547
323244
3644
519236
488331
742167
698255
309948
490774
455354
524342
500883
805239
181548
430382
642235
574330
177995
771349
689025
552787
858008
206277
882919
800065
361935
96027
481848
592770
238954
13793
398977
841703
91066
837584
857573
384151
358502
790770
682432
451609
101661
638191
651242
399478
713289
212818
739349
616099
266664
648534
712075
217401
155802
71779
366961
391548
240825
393425
561328
702530
62161
641829
862817
254791
382316
297157
33607
594190
173254
367050
46785
58041
23813
156686
566870
170154
570195
798047
383209
656898
170782
368579
21398
504532
661281
162313
127211
639101
63901
524436
225872
305280
671301
56959
590295
853664
30881
106123
391269
594794
97416
140460
26615
495137
636660
254584
514542
537413
413270
630330
572654
769805
104489
684232
701174
621795
171157
780178
69888
76410
546830
191312
532273
429956
508122
256922
18880
615946
342889
134985
567060
658054
504001
680892
698931
175896
43299
420276
845959
871860
6446
161450
179797
282611
570530
702156
867642
448349
778049
683663
514601
662029
642286
150693
533346
61325
565743
593121
647723
254774
73337
647686
864161
809342
128303
654086
707675
752360
649600
72275
453288
306687
208519
281194
885324
653946
750939
123208
148041
279996
836007
313033
422981
558991
390951
831177
502884
168625
792210
474287
151383
721089
696996
281910
258507
801153
66175
768307
600138
406030
565967
393547
291226
281041
712718
542135
892988
81556
884401
555609
698923
616802
228089
86126
572682
250158
370169
574132
380847
868888
491617
339773
237535
448482
680474
427446
256303
818815
896892
654482
552100
250289
235435
425683
878068
596569
814801
145600
596442
379784
833900
676318
13612
106017
568997
66977
238121
41308
387216
78570
820260
29765
138707
199712
52433
125509
284468
647410
262825
492727
288771
99753
53334
794717
231751
119135
93138
431623
674355
427590
20595
773963
741553
448835
391660
291433
514216
94753
327588
9273
742270
260032
425510
318263
754946
259929
165321
788025
871201
529350
217654
422651
292046
344701
343036
412903
40223
341162
729394
828813
239964
581817
244520
821456
689571
716626
557633
535858
485304
461313
542588
263759
458071
790097
830179
126198
467946
746334
451693
420938
409826
364859
409954
197073
258906
400029
819430
719605
180815
697396
386764
183871
729691
160814
878603
631041
706972
155372
696528
162216
373038
696687
232192
58484
814236
845117
248801
247666
185843
213559
822826
419942
132900
847273
81148
72283
11882
463486
507906
700416
679107
97409
93456
471363
40719
461154
617250
653647
241329
130694
416266
186599
388573
698634
376614
134221
507141
888773
14552
688726
326287
98589
410132
550224
394506
833280
14114
439999
215379
534429
28115
311237
460946
183180
553284
209791
106986
798755
671746
490813
126511
551365
170285
310584
127107
425058
807062
156950
443268
55792
178680
365081
300136
525503
541999
643832
750982
888026
774021
671738
618184
262566
221951
260513
106766
325583
134303
440073
606237
773398
108340
755376
864522
512842
614745
483241
250332
881631
786675
287591
226944
146277
575848
351983
415780
384612
660779
659293
404422
356703
516859
635358
275431
277306
410777
565027
489280
111688
407059
435363
734228
586092
745813
619142
277044
143719
343154
649977
461137
693199
109181
232610
826245
867434
41918
234334
706104
256583
130964
721209
277535
190757
755645
731524
90860
822174
636414
402800
13748
481639
169969
450858
639399
663328
505067
204069
719482
640749
826794
798354
709968
348504
858077
238592
207293
612490
695666
227000
214970
734717
277843
460967
765473
689152
487446
881471
542293
531834
320310
565586
731960
647668
730985
621445
893582
331684
136468
101159
774263
14441
508237
313266
448793
643289
275302
557634
218417
159640
356020
148826
722555
276032
114385
288670
617294
397492
596217
514110
434751
754086
736639
720225
838913
314778
503795
70995
706011
829851
628548
708121
465447
289137
453805
94636
171567
25685
339370
859884
767158
664631
705518
279101
367019
134715
132555
112703
265466
681627
782193
285380
65803
239062
551936
403242
392077
751898
259915
199939
317183
594830
636784
39543
305907
437016
620912
458218
780403
560809
159347
98638
648677
625765
101204
661182
500593
414415
280978
48648
635358
334361
569733
634227
568848
517754
454439
803800
620096
696616
353243
290127
119582
141409
233391
691815
269233
628112
470560
222670
525780
765269
325022
422903
620953
661197
852838
432794
743754
46425
104487
424775
790568
323137
712628
780183
647928
724515
711761
435944
715767
448166
51245
130677
349706
652808
298325
659343
430261
435738
699361
38519
136169
363766
432446
112664
756679
853980
358672
858200
741075
415984
767731
786481
842151
492955
620544
387427
683547
230886
738678
894288
635640
159586
610080
140701
76277
311299
497901
3919
331826
720655
596978
491429
338239
750377
652883
839525
195234
30448
859095
66221
743438
552875
813545
350834
105642
747522
58705
783607
255029
606775
454980
719876
224882
577391
314517
645541
183303
647739
411468
436964
151153
736973
192994
675796
412580
496448
173707
807129
617033
355635
478854
867499
609889
61810
494328
826157
566443
231380
788588
503798
743401
851627
318111
474154
40038
776997
126840
213501
150914
358682
309620
182005
213571
640280
352835
458938
69894
330828
149545
602494
699863
120944
765774
320139
2797
840278
141265
339389
458318
758494
463278
281590
266669
751424
626115
274418
626516
810602
690200
83086
660527
722943
460554
455073
845935
607606
11061
357789
854984
658806
396018
492242
622145
35222
264293
637689
438095
617452
461514
592342
483152
515047
751041
40878
492966
360115
879186
15364
593116
643709
618820
95417
796952
607443
454609
661238
591203
783641
347855
557463
683569
668369
634820
498979
825287
336877
82447
67322
529738
454470
268332
320365
340216
385165
135613
42453
772104
834709
541001
785499
90974
295849
457246
671679
300912
495884
541356
347570
472061
16966
646599
541408
878778
763260
610437
605287
166559
516875
41278
172764
896891
458927
882886
676836
184951
838611
883455
409269
574132
682600
458502
189340
56838
29020
481536
62128
856748
140187
551836
523662
862482
770937
329965
514651
95833
646731
310683
547905
640189
697448
862192
218325
655409
110757
758634
98273
675421
293299
233338
544719
253439
710798
654945
724165
896133
292274
472670
57756
811474
811540
615040
244593
115888
237295
831805
680196
146845
405876
585333
746630
22652
407173
135116
129673
482600
753107
362208
717332
274978
838858
174324
119666
205570
9398
850889
109493
788720
568595
476214
509280
67219
765395
31113
154840
835779
48302
417729
786406
13901
214257
462310
398531
152301
192537
572900
846773
536124
195068
114443
54064
515644
227162
443982
858553
540599
71953
691174
352110
108733
69892
538200
268020
314415
142609
611625
102613
608311
791022
696251
546623
485873
83249
68316
889170
127426
73128
63259
50961
847641
63854
693225
74299
149616
97689
541470
405013
70749
217278
616121
98655
631391
858709
148352
601394
361693
343880
719869
190129
744194
19953
66757
751876
362348
760253
682062
28635
761465
731331
211286
462265
310156
840993
734592
569295
197347
899367
816785
790675
378841
301326
18019
17998
505504
852825
77896
3767
462925
116473
815331
283389
549457
647776
469419
738549
314158
583946
627807
99432
464615
181030
14653
448354
340165
853261
178855
461461
320097
771413
819897
869962
221228
604211
240601
500390
627848
879470
340512
702804
852513
246947
473192
293875
529305
594993
441711
449608
233138
145473
76067
608977
124676
476624
521893
894371
867048
220038
698063
313440
362455
112324
864528
619489
145898
195677
151213
319936
780695
853803
504505
686275
518756
95056
7000
696270
803371
508961
741637
301655
763807
489903
527279
109605
512325
96038
415354
545244
476247
580944
856496
896410
207823
731585
868927
144357
272186
52246
37196
808631
754357
878557
358698
685813
774090
236177
616891
546398
710748
352358
117309
850140
778518
105268
571474
746152
56918
349463
563010
733105
800611
53072
94543
850260
675853
282829
107103
625664
205394
794927
799848
501388
508758
696048
743111
374682
857748
155424
716740
395346
437066
581831
113030
846607
77366
161007
134918
439560
432235
782805
648066
297228
327966
347377
683479
16669
117497
476201
11222
881933
799591
315527
270194
647017
876406
22334
397663
350689
553942
703145
481189
172997
497954
708355
293625
270047
254772
96180
386736
327868
619809
523390
120392
205247
587774
510710
167731
433435
553268
27737
892177
342610
589008
720413
576624
537052
201927
170112
39929
577034
428946
895322
253285
75203
809043
583297
753721
87396
128642
92261
852966
624200
62202
215580
677686
691056
559938
215868
314433
399598
148111
147096
300324
804717
44133
34538
304353
627988
717095
576780
380521
426350
715597
556493
313267
889463
559600
553286
300530
413125
560091
664922
224681
96154
792215
542073
845496
223514
724677
10963
580405
754067
89034
802625
464602
886970
63983
523639
359201
265582
657234
472550
608346
479334
832546
238027
809524
70522
538031
724068
131976
90624
668113
29718
767856
669892
555948
557735
220595
391271
179958
23342
164577
409518
79794
268261
551987
53944
185923
176772
502896
653521
343259
15462
170223
722452
52942
896716
769956
338942
421921
613376
694194
636822
624594
758677
22503
202892
660950
706789
430079
35065
568362
83088
523210
523059
477405
461007
625731
44474
217502
286999
136040
454565
699584
277348
315082
836144
296588
406212
121560
790290
442315
143017
645599
127123
329510
418537
445225
805895
817923
158931
277052
73363
35826
889526
782756
503976
198596
622654
96708
256196
458288
451644
418915
261298
537734
581835
205207
275465
601585
851498
410830
308057
371213
460022
398381
563909
745746
300200
604831
810718
871523
459468
21763
355948
49958
461289
702215
184197
813741
808460
301635
665987
398872
703052
831919
456155
143516
186772
390602
525478
575753
369252
149269
67403
243476
432970
10023
415208
216269
128458
420916
765390
723465
90092
612781
835639
170258
789094
781360
255704
45627
167306
720650
121502
389990
167298
408922
668456
739271
37776
681279
94751
456560
514771
233236
776547
137772
416465
556630
776015
65306
248208
24665
250896
141838
882965
427348
317782
504622
571985
87965
275633
781631
471639
823620
458483
875368
687745
594162
273807
369719
567278
63181
355610
681884
507233
789944
657304
806768
240279
78709
183895
295914
411384
625016
92181
877891
327067
472840
572077
137671
832138
517940
657104
185830
32540
620121
727983
522684
451344
197968
719381
735656
747715
801870
270402
558216
677230
195748
211075
582617
26679
55483
848188
307630
859353
105079
92980
399897
657133
267316
829772
62049
35280
337074
196579
394141
292863
309997
315678
346454
534167
197945
356755
17555
475957
834397
765122
16389
291783
472329
341598
314370
204820
707057
440427
543578
607621
712767
400905
318752
342001
55861
861531
372946
682331
353612
813517
440923
591237
606759
688147
39622
692178
870713
449383
331673
897945
231411
324306
191688
601741
412420
718060
862014
487084
168079
392478
569292
466768
150909
723161
43543
630357
116101
590258
870683
391246
190655
746164
691773
787326
557702
293279
884301
134691
600321
697793
286619
590424
779876
602612
11982
656767
127899
524063
887652
200200
593897
188325
167543
616954
506058
263064
22132
713353
771139
516808
65202
859586
776279
869212
485803
808492
112494
672960
857628
226636
822982
699748
44879
107907
32969
185476
322539
241630
600473
262578
843043
128851
713578
733096
598663
712014
649691
147314
670708
23783
309636
237141
331524
545323
556303
532591
443582
332361
757922
662514
833536
680352
758562
311579
673456
77400
847552
271319
574593
600182
142369
858115
72920
10526
458049
795494
317037
537845
792807
659591
462996
649940
528185
796734
606223
439364
791273
792806
848336
388674
261537
384846
498496
316577
843390
259989
561241
666425
99650
346467
591021
474979
76009
180433
18272
37662
686127
533482
353967
680342
254190
407922
612670
330791
802212
498767
492988
8138
178412
815869
282163
722810
803422
249443
158303
514103
766522
123230
437192
659326
894858
4831
296815
614231
325389
537845
579881
747511
583498
885929
874718
317199
142170
385756
62035
410976
449184
315037
660052
406541
531672
278924
116170
284307
606339
218335
259053
995
182850
162878
465219
497486
746782
198294
875061
313554
145317
452920
489965
668988
765115
515848
585526
59996
132044
365292
506220
836512
600448
734426
648393
688531
683606
225746
467254
103888
230203
793372
783660
748290
326947
597941
249713
175923
757836
545686
620462
151822
225780
194763
754283
514641
298166
306390
285378
652881
650086
792340
82365
235159
523005
688303
486450
79917
185659
362526
726156
326760
265309
792561
164126
576182
532191
64269
85127
473757
570128
716572
887536
165859
569297
70693
553475
467393
15072
70479
301975
714452
223026
513985
255437
873930
465959
287969
758440
804580
688671
563696
477352
97928
363509
126838
826770
806122
494238
296942
122921
105848
343801
639420
512759
655799
5525
662107
160586
867351
174165
214280
402133
146394
53517
302089
210198
821179
561463
496028
751413
213792
572268
727682
889038
634069
323924
486564
311445
586061
26052
549430
46721
107064
88125
504976
5049
816787
669014
357930
813570
349391
90303
571847
846950
209548
874348
538787
157142
308979
645086
414597
12423
29888
871536
734089
381054
873525
848187
886261
547813
848746
834897
288480
793269
528652
460326
872494
140482
299370
445481
135321
562222
592592
103153
373062
8043
389421
257729
404987
662128
104609
123362
529104
341561
641513
330211
227762
656963
556743
54180
366104
7768
884372
379302
776142
152913
389382
180012
574500
812095
179986
713694
622758
494581
491168
485913
39704
692642
40225
28615
439416
484488
848886
223477
572579
126885
525703
10192
292834
377980
456957
249015
213820
359505
531085
302165
617787
223978
324172
83790
243639
853572
346580
488552
646758
755615
559314
423299
571945
375476
506263
539638
857937
264724
66284
823324
276188
173102
434726
385190
472422
705432
863876
391132
562474
372708
284317
747358
31306
839502
582175
822150
828267
679585
293716
529723
532184
477583
233023
361047
294367
192461
210848
140700
633003
269915
734151
719606
815700
70025
377127
496350
413094
352876
728415
647156
115913
704151
284967
329379
442924
584450
614317
408361
660069
283587
250690
742964
405827
583713
649057
264226
787526
800724
84142
514444
216064
449530
359022
862883
235391
663913
258820
499975
557508
682034
416525
761916
292071
802096
463012
828433
78154
23237
473338
334325
710859
766015
130610
479395
183069
495485
897448
789054
64995
617359
696349
178173
513236
614076
14956
251637
529282
698198
760116
173212
412506
621285
13662
868449
93969
894737
48617
55915
100095
91472
202394
873598
290029
629873
32906
846773
243494
19610
304493
666993
672428
442884
818484
817327
454764
776195
755251
514989
365225
429514
807827
802626
154210
889771
667773
228873
684107
114505
896736
820342
39945
780565
188257
53100
58037
845804
405655
85784
828606
565984
163986
4672
803920
614649
197350
831143
425250
228653
764961
575632
377211
757863
118477
795445
298641
158224
736365
796949
284967
167405
278975
656387
256432
447497
110235
119819
661025
124224
325700
142027
174519
724525
284672
413611
273646
168413
132900
149222
284740
74590
515464
40450
508529
892462
812675
531362
9194
883545
497348
8522
652586
43336
469208
414302
783405
423943
309936
362716
565656
154037
468216
895316
828492
586391
126606
67098
636895
648735
761733
425325
137987
887845
361679
835128
486293
387993
241597
521030
629375
140197
285416
300215
137721
825570
401959
6249
692326
609027
448156
406167
211760
656748
667874
209186
687023
693156
441579
23658
111279
612471
578947
182251
403164
685636
344860
503467
63112
676581
140685
15656
128396
296940
394749
501025
768664
799967
276885
739373
777576
768654
479475
359088
588688
9656
288851
555701
679489
607372
767987
582195
302550
335996
320141
188920
153183
845173
473364
639196
587479
697064
91457
483760
715058
461600
775690
230849
820171
839978
405640
192086
206188
120762
152332
14816
69868
818940
11679
829446
552471
321884
158666
28860
715836
580996
324745
873327
668668
451071
839178
68421
187010
605088
622587
127431
502739
729800
688653
667719
731957
277576
219208
880158
623294
298556
88284
884876
503875
631213
483715
559605
593702
245967
846843
737012
208522
883527
558059
295630
277873
487161
883759
638372
838508
427292
844054
6790
386651
69749
346455
663897
862941
741475
568818
151090
893807
225791
768685
585679
689981
539793
758874
822347
613593
228873
458559
782328
509338
667336
240945
634422
340435
423106
653423
892476
158950
356304
163664
26792
412046
742140
205852
597882
614871
779855
672607
850195
313004
173063
72057
518365
674191
537829
294057
5579
837136
270254
20615
259911
762056
587605
350472
242340
52512
431303
855359
858575
298261
24065
53141
761024
827896
378414
408246
372165
159947
513453
95135
180521
357402
28229
512648
389012
775234
865806
743477
84887
741709
794480
13804
154209
639577
241777
463141
738089
677952
356418
499507
744134
663662
67172
775083
451401
27974
258555
317087
754933
790036
238255
298278
228172
651827
813289
273811
407247
136658
442650
254524
425901
45087
346782
849314
353361
318667
40304
517232
51013
707195
783008
516281
721081
709207
848731
397689
321432
423304
165104
341682
199654
440300
699296
560928
94435
839141
567940
663857
539381
127216
291412
386989
164214
226649
673415
40130
419637
883633
383658
878350
516330
267967
367696
334244
791982
556804
638588
653289
892124
165451
160085
396828
61683
267071
277430
155633
491254
524659
510382
671665
31567
391557
771322
249253
390563
12547
232945
24718
529577
217446
41743
668466
334478
855933
336855
314360
692184
661337
517860
681039
428095
465463
509304
303664
442920
20587
113463
828886
627159
305928
158614
180330
152203
276003
756295
737004
272519
728225
642579
830843
57042
273507
668304
481803
431877
877892
719691
275704
390372
146018
332873
90885
269101
728120
516074
13702
390663
504812
760907
432103
1991
420781
603804
537766
562505
551067
584903
811011
631233
735986
734699
316239
876985
616627
469595
351066
124504
122076
531046
305382
126679
673108
111723
166440
165887
391841
62965
106559
578129
197149
175129
398225
54051
274357
746426
821414
63188
20828
335994
294353
611410
799899
799044
29922
454072
203
362434
493642
532485
109234
722060
362731
361749
145245
898617
656712
180344
752016
706921
374602
415611
405033
444894
643091
114381
479957
882663
461678
289837
311447
156281
440594
482797
717926
810021
507296
251678
421790
694090
311230
831022
437681
736043
440461
377880
447942
272360
759031
528756
654233
134626
443043
826716
32011
1624
113855
686865
226849
411587
306905
269246
877286
138674
670939
743418
324898
88471
685760
73759
399539
481227
435175
163718
482109
314462
360260
390804
576800
268333
363571
604719
252088
849459
194199
474643
272561
857488
796033
89068
412117
260986
707456
515848
800846
340884
319639
653053
137335
874490
867346
561105
819403
499492
376551
745133
405846
191163
611947
897545
881738
240445
467583
490458
144986
724712
831675
657448
838870
185992
674092
876900
848060
197190
212076
95903
74621
663995
449060
716932
50088
635027
665459
671439
443125
369328
109111
50882
89626
723607
54815
312364
304230
382849
174682
814878
272935
294797
678286
510478
117562
314016
598024
541066
508579
868733
488065
58198
5269
472052
420799
429531
135894
817588
303059
493613
241683
115444
422392
12760
79536
445402
380958
480726
74967
777511
168426
872612
683431
241103
492212
722137
500087
18527
484553
444762
795469
151952
83228
756420
454125
188959
48859
541683
404344
371652
180560
456268
823650
122009
385874
36442
62407
338414
370229
394596
838271
215556
365288
152910
531377
848286
542097
837797
792541
774347
708511
281880
310208
79896
438888
447774
564903
119879
445013
349915
502006
638967
458397
331073
734647
831560
716091
788358
337450
69221
696502
286133
74911
876676
448692
420677
693477
554836
207490
454682
440807
509316
415453
330778
340627
498448
358276
413586
535495
460824
691612
540142
142353
61107
713423
378675
496381
762913
588886
334492
671945
620897
745705
109559
231542
864184
12433
456188
409389
686296
95902
636481
584456
709026
750016
563250
217378
859199
558285
821809
625659
764245
766382
391306
827997
709019
367095
2031
586873
111913
878120
832625
545756
692225
849376
464127
672631
484372
575168
415494
230659
152230
530495
188161
31586
123150
832796
489833
762518
29280
296419
179191
339571
835660
474458
277996
230399
602417
599714
829390
642942
210303
450545
214576
77305
797219
697617
112086
379676
593058
339118
811414
883990
297239
776935
541860
665425
813537
242328
468974
529929
666430
210928
209036
235673
28653
623533
372617
855385
257358
679336
70492
880179
589724
333876
125477
536467
355914
465163
174256
349304
672888
889467
326076
346391
872359
773327
594545
22331
500013
754559
224925
291150
506039
823946
765856
597915
213338
300844
124690
346873
64527
779231
555619
621520
712680
634432
751317
70960
381795
59431
159786
786560
585138
227477
85134
714074
449080
61319
299675
638561
743136
580560
610564
582340
493618
509760
114927
765232
794270
427230
38610
374386
511065
392270
688024
83091
729805
282217
353883
361513
538926
131072
851994
480220
347362
665373
70262
685000
657893
303453
637537
401388
636539
239255
306290
751151
818342
744268
476364
455290
43928
781098
130892
357823
28273
43366
21701
701644
467617
765351
710347
53315
260847
102950
303925
548874
479669
152469
786706
297266
144133
792550
550358
519691
442587
728541
610976
410501
298365
228942
111552
226748
775394
122160
621082
813559
491337
125616
808621
268071
839983
323815
154917
803699
785476
650224
39482
103927
148989
724430
614547
226482
708956
388655
38640
323306
512786
84930
896942
661367
242108
32106
837659
505698
359305
640770
229487
200848
407859
29014
552553
681090
499815
256058
790597
509059
125002
192401
471906
275807
735676
557913
315540
391965
230542
208305
844422
408500
496009
704098
306445
352768
803053
826615
130997
563117
101420
11209
578287
828078
780403
729217
221681
401408
711121
364373
660605
258226
869691
396062
168488
434365
486378
413965
305865
359454
340429
7437
499852
123979
660142
732393
196886
348744
654088
146374
562239
92534
147724
674863
278786
348254
414964
43104
528635
847414
353477
483541
431418
416767
347726
347249
534817
102505
756461
741193
474458
895998
788443
420073
521792
619816
164314
286027
298575
231301
359123
823719
897977
63796
347650
164620
833864
263103
124550
175600
883547
267792
795281
742217
378187
582614
590457
592357
660917
774431
608334
559697
133664
648522
522291
21809
11783
765198
386570
93443
289812
203672
46435
761749
72623
174583
610380
760111
676055
723727
221696
407826
860387
68593
288763
362919
312410
736033
763167
792388
730182
335470
897083
767391
306447
573597
678053
237894
613518
261481
461654
441687
761015
402535
359637
623661
90899
896778
345347
666014
687417
218029
889305
873683
558105
848245
59340
652671
222546
76982
624696
37057
635473
127125
808695
223200
627547
829478
277618
691985
577086
687521
156746
777515
761662
777663
13313
486973
631480
679956
838592
588320
11456
631063
434401
722353
36166
269680
540847
381044
27139
648981
322938
157159
422502
552211
696921
19911
656459
215984
804664
684756
577663
247932
257763
700082
238778
844858
340042
647101
275137
817642
898512
329923
257983
512052
387995
417718
44249
644031
291684
553083
762574
326291
663690
882718
309256
645192
177205
130900
221343
568685
778815
185287
485318
636576
352354
365146
23768
466924
668158
480931
703141
750753
228085
586282
6107
121057
521438
781027
175973
172369
536657
417152
60177
431196
489733
265365
187475
833649
520079
583555
769080
104310
777593
780119
872476
893808
328885
275409
226923
313931
836106
56574
534027
330471
569262
833594
401323
455033
319814
4953
135749
871265
687818
201342
569007
748738
580064
773235
550826
4256
894752
811948
470858
351992
446078
298391
622060
332787
151622
117649
702620
55950
555214
82231
353461
112258
505395
493801
577802
860030
92220
21708
200561
388440
502933
608059
453798
496492
701488
757958
219953
694530
223755
174327
324529
887649
64035
575755
271701
52203
49269
69806
879624
1155
402112
820408
582672
697032
868866
372530
639721
52204
311041
496067
513642
762389
224588
329813
123936
780239
468959
324059
152478
49729
610998
94808
414176
446894
673525
258869
602305
846067
298985
308381
375586
473684
318532
892608
207881
158483
406745
656921
165482
349406
823673
735957
766734
384844
182514
137880
124883
122545
241002
519203
218934
838608
875151
568171
55870
559934
492213
884265
715247
90820
808507
628529
346900
14686
449817
856438
151449
474511
613804
749677
873222
479289
64616
650922
204087
319
798105
870508
752855
223383
513687
90706
167421
27627
222943
851041
728575
764495
197528
877081
753479
1240
650409
112344
563157
580574
565373
123295
716396
64401
764618
450362
604009
614516
725084
387331
514656
854227
355916
171824
212357
531973
319633
379723
632698
44888
833094
311124
359404
394797
540669
600585
830006
482735
614132
131570
584584
624953
188686
586865
236235
503610
539002
438456
415447
708126
546800
270603
375560
443964
847520
676215
737309
48733
328847
624713
490031
880204
54409
660587
566366
127705
256316
776770
679653
59468
6110
142431
406685
868884
681546
873772
373452
894073
212490
295179
60311
898077
140552
235140
321754
399487
183420
343139
647117
148700
90828
215310
84366
763176
537423
89377
80850
29754
604989
432180
671018
100720
747126
415387
44262
630857
485449
738309
213330
795999
545705
812808
534856
734073
375892
475682
877896
99311
475645
41428
80042
33240
817686
532054
312877
86155
415037
510302
360083
190028
154555
316266
482207
24122
187422
207099
285714
573654
734964
534741
723337
533309
539626
34018
23364
589328
811276
5577
211737
43631
40388
373496
430585
392729
644876
564996
479658
765138
186692
180336
47947
479246
702595
623207
770857
593261
475497
481300
453306
401469
705135
484817
695919
37297
777602
671458
180880
612875
733820
247531
435138
405230
789414
365365
189777
701829
754066
430372
61552
461598
225768
60576
48015
367335
626790
547872
3387
180382
601829
477067
312667
200903
767834
698383
335535
44421
755224
715585
850035
758113
138980
464324
107459
868990
391800
124112
770529
459988
534748
35408
479139
307736
550489
36833
834170
194691
175844
130688
75526
286338
270839
467044
166834
158079
384857
635850
693709
213477
813932
656477
399580
551267
346545
782031
579858
621391
638661
98754
691579
325772
725201
61177
433881
574360
762716
861387
377867
445587
365514
738237
462121
455172
271657
351583
409341
882008
247091
780584
83228
244193
355156
265203
851050
439302
770160
89114
74601
113543
196918
307100
714299
899749
759083
382084
802117
668042
115565
864710
579368
376204
811027
246229
81879
248265
307058
670954
787205
226763
531609
296967
502142
315808
367743
621361
719096
371547
243704
277774
46486
78504
146353
342784
571063
360854
213400
147703
711279
372943
432963
195800
91778
641176
246781
816832
352316
282586
44530
466475
437501
236022
309013
156511
297089
262128
200302
641446
476368
331899
758801
338602
205490
321122
74642
238254
798986
479738
420225
444039
383459
735437
215436
45287
567591
701073
782094
341516
685496
311654
103952
641705
219061
855
611164
129676
270653
695368
831153
783238
554808
203127
3923
160786
354792
267020
440934
822618
880873
372420
896527
489243
277522
35714
731447
253419
234840
718114
693583
35306
566841
456076
653804
233261
251221
251958
633141
740525
180500
386048
767653
161824
684698
641335
424000
659451
241835
270839
109411
264191
440653
178749
494336
174428
247569
552653
646350
279763
441220
194024
478109
367686
776415
653222
540931
249757
742693
284428
483329
698580
369005
125077
436960
657879
47177
149678
680481
229584
390361
659980
777702
450974
29980
821422
736458
402954
328677
888996
145163
34371
8470
233790
215366
579409
617831
582181
586485
635012
434744
399766
896829
616253
460693
291619
182301
644189
226920
364010
586465
248812
150728
515348
215891
535531
373904
608064
788512
471743
113335
223247
97086
478364
614560
372358
305970
332842
439642
132527
88581
844573
400681
369400
157397
337154
878009
553795
300400
601559
11256
380296
895111
595304
176062
726040
264629
449247
332468
664649
174219
490301
356228
754696
335134
859663
732699
216376
60461
282218
716641
839228
307171
724253
284523
848676
10148
848676
394609
597180
651262
785621
736115
178782
437558
159733
452308
784216
225377
679115
229382
707728
10127
467106
487534
305618
268145
684973
460267
498382
371609
815346
168808
899165
697885
455583
845104
646332
409870
555050
107633
93114
845677
814131
348563
671560
217044
517873
289071
366131
301234
588238
700609
26790
94008
686534
234402
382763
625785
76284
284894
488000
6043
583461
145503
708453
553453
813916
751876
548520
414970
658180
152593
645746
126742
5629
758802
308807
869211
853612
325141
172638
30792
38217
526612
863528
299381
152277
481501
878460
191807
688874
316069
123528
714945
404044
326337
822288
147647
260844
252178
251486
300824
209120
265069
774219
248277
567756
548978
265749
859835
84193
450748
380446
552575
75726
449499
277715
435115
885826
780749
492645
186957
114459
20293
739509
899719
421719
705532
863114
759376
527490
581209
390737
613715
256371
441716
244949
338027
625791
230598
804673
658735
751386
299223
478331
597806
200040
79582
565272
91224
889946
687387
143856
309566
426613
698543
267393
425692
369624
299449
857676
636705
208746
493429
648908
52940
712496
844302
641681
80611
575279
143942
794529
214531
224325
831716
12646
129357
799399
475087
293286
779149
333760
172310
344187
415190
450750
804767
746999
105354
669607
843459
95921
570707
777108
822151
661963
207151
490770
588007
472412
483904
670076
614509
528116
714936
473670
395294
119708
330159
182861
370194
438338
219698
750821
613475
414623
744094
635340
232268
33371
793656
704452
684456
591252
238235
131804
373636
305067
517414
638895
249745
726785
319225
268946
860811
865607
41069
479258
649810
376238
122003
730118
594956
734910
263544
5949
427954
502101
639133
114339
854850
553228
177348
729208
164973
657383
38557
168162
320608
223647
270596
155954
245161
410903
121537
243243
343489
132817
130090
509075
27798
130420
650021
452766
421605
477962
50935
811201
346547
897672
891412
16242
191199
558141
481193
355315
135847
281457
640811
241121
721327
215568
168876
562487
120884
190758
451915
769662
211597
872778
897099
801327
842687
709385
731758
866266
504936
537728
348909
149845
341158
186972
338146
398127
894098
304653
827331
68142
627927
874013
538054
466349
213617
670721
54127
892846
649793
541779
414102
14993
722347
457421
543720
791029
90079
804106
61047
9207
429911
228019
407987
751786
52518
709648
327186
174452
93502
373785
569521
21614
353653
870537
556848
285508
64995
591908
835198
656560
892519
56863
198166
295767
361152
806614
893869
704042
870634
819654
406290
436422
120035
493603
711982
298009
40250
563463
820291
1859
41494
399150
270485
108080
517464
235820
147735
491929
377414
841408
832843
754436
665277
381147
765637
817843
133017
544984
477977
6201
13063
300243
167887
725573
743899
18752
87416
238262
232632
610812
321064
207906
378360
445622
162252
335078
894529
854704
45536
238433
2367
156996
94483
158604
514291
533313
355727
615402
398139
56384
230682
306088
108776
389190
897404
372100
588269
50487
744143
724863
568612
270578
214383
27801
25763
565689
414829
35360
272422
666645
712607
290566
489502
546014
213399
883972
799658
220193
866969
217397
860300
235813
124639
272322
772179
347177
224387
795721
374248
785258
133941
150393
427479
248003
196493
470992
400491
509054
231524
892941
632920
26886
315834
150716
491963
21743
111902
547201
382939
19768
287874
873371
115255
622249
53681
650870
149854
518813
45269
500417
40147
310455
354116
780472
637963
740190
502286
12874
266996
698340
197088
800241
181243
590063
413432
860942
50264
373886
876995
518019
269970
605898
125376
221340
540029
669112
649406
744985
814323
151171
339149
393826
804844
308166
574781
665115
143480
67850
128069
894250
209053
499619
471270
814342
625917
686077
37304
8245
345445
76621
349977
354991
538501
530800
445191
290285
11935
388006
254017
336094
544318
813465
436479
472885
41108
621521
466803
893604
31220
353817
552984
277241
747231
14104
185863
855379
450817
633177
882116
148722
618807
787477
314055
350275
390963
834765
774330
379171
117366
561926
247941
475967
715409
351606
373412
101999
124245
293784
165604
28021
257100
651305
877245
577670
4621
6734
120796
116042
716231
355828
687349
810726
870639
388205
127722
754242
878593
65663
573466
811136
660276
172091
161808
708677
375948
858103
469154
742172
779930
339377
762367
691376
106361
831147
887048
604844
641558
740396
464454
670628
312081
460094
616748
280549
445500
391242
179631
180481
46169
810653
618606
231337
865184
314215
101467
738894
660794
24943
207604
435382
588396
561645
190918
352050
88771
355571
334780
849800
15516
570065
664967
675579
11490
762247
430926
725762
704206
141687
87360
617721
552086
277039
388214
85675
527087
598690
669739
784915
99261
421628
123405
420749
497922
337502
511436
731337
449382
525968
473786
372517
294619
150551
478142
728396
154887
840231
104909
899254
790361
129782
64239
850011
405304
253672
636982
336795
630061
274486
225506
313092
674749
517538
3204
276842
467661
101935
380640
222203
78394
816083
118282
779522
2558
718277
828819
539143
585115
557438
245854
234440
75948
144124
252397
601844
338349
86941
628313
532901
263148
568980
126513
800619
40565
26329
379010
822057
864105
389619
50589
200120
248915
611276
150329
194882
405613
525763
676413
60532
408607
668760
848287
832150
122055
539279
687829
429428
80827
631074
190414
173613
540843
368388
358621
374610
554525
271412
817267
10988
84320
787835
435193
449517
629989
171887
629420
225970
168682
188745
532448
835514
507593
665788
803461
206454
844256
252234
84792
148015
125041
556751
621077
58346
742794
514040
635828
619080
46509
120279
810457
453931
671201
1384
608438
600898
682528
544537
203307
258208
820581
751718
627915
842821
711782
91088
15572
662581
626869
312224
531671
361939
250379
677669
35525
814246
435128
72360
57065
896327
347655
692770
515923
579765
82093
191045
221815
627979
606266
237264
709670
576082
72674
325415
720758
601237
307859
425582
815773
745638
841822
487722
352592
778033
887678
790518
622844
125363
256725
208621
191711
628762
66767
772985
340628
784414
230382
136898
37990
58910
437175
440518
680627
417701
819182
169900
530825
300949
891029
225504
138326
761865
290514
445643
843118
299284
789305
585235
730109
830417
686165
761970
712147
789542
868588
701696
407121
173567
272238
645811
250117
204356
368659
882631
319821
495597
160643
485321
477938
389260
313306
877555
423985
529724
797019
123866
478910
304981
575606
295968
643015
828715
150058
471931
592481
56773
19153
98155
91828
563060
162384
39888
530362
855422
62992
528594
517067
275014
832872
397468
517327
185719
417120
322738
692062
740943
189527
337941
46509
698595
773460
680746
303645
605545
674951
256870
358374
581945
678014
604683
545801
328379
738485
401418
780163
119621
355237
303939
216796
4554
379940
620050
4985
196724
628593
23734
173358
334101
503708
494307
774282
659953
352908
170859
432001
133573
243681
592001
799992
164755
185689
272949
328300
147152
886653
885357
881648
736089
56816
371457
804485
447588
445930
61823
606171
793248
553364
300656
860768
424905
852811
575453
638523
673958
264872
205272
156504
11762
101811
299191
327003
617239
343551
454545
429287
385434
311033
696177
145535
412240
162007
306838
883469
402567
897108
793122
680453
162343
539887
143522
567896
48513
171916
450203
351359
120520
438869
56362
11316
29255
372833
325052
289201
15279
303440
827635
630490
647589
51602
506732
472509
639585
770444
335514
76704
660670
495342
365748
313499
725401
418582
462707
137602
346874
25840
207031
308912
356852
218249
880352
708856
49809
818196
65642
443874
392378
55714
48570
531617
436892
284365
168055
405212
678142
254948
532975
446706
738495
704509
387960
719842
706270
678960
430692
95995
666572
585443
260380
542550
88532
128345
519709
245178
700177
399539
802482
415597
338500
442981
850805
165971
697557
671403
106118
804404
618974
472396
815441
156237
3612
556369
734788
331023
365142
746570
306646
701107
23188
538783
341240
862848
303769
111386
344125
652581
213646
608935
251266
828023
529564
541483
668202
427133
7187
270505
320212
583860
246929
68508
610740
107457
225295
455138
170877
714735
743767
648718
831294
785897
385982
841599
250035
187826
759151
217614
469035
482796
82620
138983
37643
495798
575264
674799
156484
315934
56788
649274
279738
322060
181906
221641
35953
587104
87953
544746
252364
853405
239558
41305
442091
621712
91855
285188
808613
768218
710579
633604
150886
271126
185840
131774
227294
147635
792140
317833
694947
478225
142638
507844
118411
329012
56840
235687
22054
585982
878329
214962
768287
95093
452777
443208
462321
259912
815682
71651
311187
710356
803414
760301
196547
244560
223110
833766
828097
730365
828036
784785
76568
136514
145380
136511
7694
788533
382460
590909
182854
686969
230866
66102
297572
612030
719193
830092
41855
422658
657523
783457
85748
676584
749629
119344
712400
782706
702925
605689
776928
877314
882374
62369
783323
238455
467060
547452
306025
552765
34142
253629
125539
403239
495352
899092
797809
831249
338722
640410
405733
499300
722050
275374
277361
401298
655285
495885
16576
5653
9561
612622
415313
580819
251929
1995
2215
785435
281548
126094
640894
470610
464689
441293
575206
762356
247010
228795
401581
510015
234790
30949
23529
79091
682122
534199
877749
789838
536199
304712
873314
783495
230163
654215
119171
481103
543118
652529
283471
277652
575467
534627
300561
846161
117645
130072
625405
169455
355299
249519
24855
816572
339158
592765
279433
290361
201275
792530
593039
171325
299946
798061
437527
459646
381850
60831
146437
561111
617905
266701
672427
556912
475207
372456
644239
288020
385372
161941
287060
815949
741930
343427
649011
635662
756764
516208
126410
505960
210690
40015
493112
721405
770542
675995
515731
518923
159264
737918
469788
108415
376463
827129
719982
851557
655523
751718
63167
42027
151338
867933
464886
709890
390379
232413
890592
606029
832085
893863
150949
117851
121080
879205
332939
860644
167704
636437
731002
858754
810113
58386
582888
444469
293001
613659
400364
840993
552848
876965
551745
163193
837221
220001
650935
148073
288948
299937
297178
803019
775558
423335
196547
160136
392150
246619
76172
879731
458297
197399
399563
691752
80063
867444
350309
159670
145627
354218
841820
873387
646663
22717
476553
311866
400049
191760
67181
301405
114093
742016
265688
628266
108578
886348
529170
97118
265085
25251
1852
868677
395274
169739
870827
652411
844935
377421
671673
424910
674915
780262
781389
240850
319343
452332
777009
18702
146866
859792
509127
829699
742594
435079
597393
254363
535968
708134
149918
326698
271112
162433
536800
580528
885361
674253
313107
892410
408373
596309
184227
630083
237142
824186
711976
794483
748432
511504
277473
449128
512553
602457
564724
94638
120052
128667
879354
88410
459290
342800
722321
94858
64016
683095
580413
192582
158094
230512
410995
201078
830912
825781
721391
639393
510354
418210
261041
743838
95879
87750
670891
524438
590524
186299
603430
827216
155264
603053
495099
162463
721662
482664
341934
464797
603159
598989
196301
772840
100679
288389
259691
290402
748170
277116
23879
527393
697380
550264
824870
115105
219758
359848
292139
463060
351547
370558
459605
319694
477528
218303
66094
757626
373869
148011
447431
412154
38327
271728
760931
347711
786626
184524
304184
47016
621131
226195
729961
617571
131010
681624
523207
33026
616535
135348
57855
226937
447913
294569
607473
756776
681492
70559
853665
728808
407158
702340
700560
667073
6384
211255
809578
90036
117757
249609
141689
351202
205738
89020
787022
806179
67393
637434
537474
399134
94742
512182
648635
728353
54411
412714
243798
881523
783226
6843
885335
207510
846739
12331
501227
561206
258089
732242
758575
537097
358856
153057
686888
532484
678082
842325
280379
724791
354731
254211
502406
506945
540791
500473
780112
416831
216680
75926
763719
665446
269941
876018
614625
826369
138718
582693
614025
498325
560831
96345
730461
709764
542897
133019
123315
562272
43579
701220
721424
126449
737300
562256
31703
598729
834084
839424
352205
115805
364119
164377
360271
849406
511509
234743
602535
346772
525106
602786
784440
503502
567010
44589
604811
800177
209029
520136
451464
406410
489973
268571
637763
466303
131912
160946
775917
145076
560473
791703
125140
278505
742901
60800
555287
679137
4129
292293
163380
849160
246329
172800
849900
743048
675355
758968
447242
727811
33480
701912
589512
157485
181250
849087
86466
277943
502636
243461
87947
181601
845438
602560
799721
853327
98812
255252
124633
477389
609647
400770
742522
84291
677992
856142
300394
27319
547893
714407
474594
372201
810203
516339
623797
482165
125169
455011
322303
152815
726518
388782
739202
345963
185976
177194
739688
143712
513522
711451
542958
318665
825677
770974
60825
819661
49104
838119
880183
285526
399336
587943
141082
18557
535043
781123
879206
521775
600828
30085
683752
804350
795540
462212
223194
324890
405376
101815
466578
358474
295018
141463
505004
428724
430790
786141
302497
387241
335330
316635
581399
809961
368661
758872
504873
609514
837217
13529
629183
98149
544240
722583
434456
781453
79651
474714
121171
165422
120797
55306
847632
180764
202830
593808
198609
178007
534293
687768
713689
591748
648114
379668
681075
814583
555479
150508
360330
111388
47102
28755
365803
69988
254684
414095
554578
571686
779770
83413
662103
762204
781784
90955
863521
790499
635164
580068
599226
9169
504846
436852
852993
87057
110881
545109
761728
339197
844181
243433
33141
230426
234361
748963
459504
619773
440147
551407
803842
298525
686255
738677
544176
771054
347508
609745
540483
616604
845514
563536
798391
204873
365774
593220
469243
334406
188793
64287
583617
671514
803733
725131
537666
343927
689871
225120
321399
180068
770630
899524
450330
106804
845110
69522
252118
346723
511240
418664
200046
130774
515610
890440
557648
30495
381080
759399
762922
380327
887937
336178
562654
240901
64683
367011
523640
158318
771787
11486
27753
548688
578722
406749
240384
264904
536784
477568
410641
674163
38728
44386
35945
458126
621696
388985
798779
482708
858308
266983
614730
548482
482043
810118
149973
767477
853020
835249
674832
263584
873454
379414
601138
590377
359196
453516
700706
242856
880948
91047
385082
197490
398931
328349
259963
458779
76514
652275
152680
638889
143300
171296
375508
292958
549685
224819
115310
704064
387391
306124
740221
539698
812721
255254
10929
835924
90213
251641
438983
712010
199511
127862
99657
816304
34664
535216
574844
880257
505928
899072
732437
46721
703228
718097
708610
175718
592888
421526
121997
205229
528909
680222
123831
37286
90661
405253
78067
16883
802413
46141
726129
283932
200281
610284
393804
433545
147061
275341
187822
782035
326623
330095
293185
190330
478072
185748
190969
705115
873412
300578
204030
741954
515038
872326
353909
415609
720507
536320
48223
114801
289045
253040
759629
761850
738524
285247
453942
827042
864265
402486
851423
782626
844078
281494
872291
522853
292657
354829
663281
567775
99263
740930
727541
491454
868274
670435
895264
71436
347829
498802
158760
761302
75195
405545
802321
718627
379930
690482
539418
38083
509835
857496
795265
596326
257097
758407
583351
656633
331432
98486
86348
31939
508129
412795
439394
422697
103360
693217
427456
137554
453555
204363
670247
213522
99987
573718
688947
613046
770447
766991
444503
123591
177702
379708
127355
253739
97766
370983
428632
889025
894295
329925
424578
352896
376611
773958
20442
98068
128796
417792
727008
730036
547160
200485
123900
126398
561303
210363
192719
160094
485609
686992
439966
604723
454728
341080
323778
723094
822229
473130
64575
637392
443451
30431
131234
454089
481294
893172
419075
291900
753383
442474
428399
708390
240400
166051
336649
478800
894957
690887
50757
72093
120749
709309
273836
156778
127270
890044
6855
427334
724445
360797
102228
898867
63890
463147
427146
680555
315432
777563
164245
683834
90700
634743
418791
340302
833645
297778
399044
779167
783044
128916
562422
566735
678926
571724
539541
772081
121815
511494
234486
334208
514768
128364
353424
258842
895330
147329
837977
450852
763091
599514
14984
191150
652262
80775
638760
69959
665900
743327
437978
322683
649892
810275
716042
469235
836909
185057
829562
192090
462171
225589
298049
358158
485235
125125
8029
250504
889821
94697
646545
25041
498714
741242
301417
395874
748121
209838
738222
751801
807569
717457
837901
613819
539399
408107
710936
560648
302384
871206
395032
160716
427296
254767
638224
361774
106592
818489
402576
687216
203728
884580
139036
218932
341612
559032
172494
486043
726610
183678
774705
284854
390268
10391
660085
593255
3036
98454
362218
483878
347375
853501
492820
202242
687415
314677
895824
170233
673735
35324
560965
289350
673992
368029
242893
324980
126983
878844
20220
876820
494782
9881
802425
459647
18587
834761
895622
763797
740832
139374
435166
859138
845475
637091
475901
342722
532389
571054
726918
80828
33078
150534
316806
300416
9845
622935
197129
247179
484365
741550
430799
701312
791220
477408
143241
658300
25379
186267
883720
534443
843372
104883
177643
525916
476239
177664
294316
349511
184327
273309
438853
678853
317614
43158
394093
872121
686941
78062
720768
669706
378869
81938
598708
369818
843338
443888
633628
135513
329891
828063
308527
50918
899984
466334
449196
249375
277990
605047
450395
614099
265007
850866
9382
203268
805046
735822
520708
633092
515600
700003
46640
367132
241779
306670
711674
44069
147729
35987
322610
758742
206222
34189
289342
350133
611186
320999
76328
522757
809569
66497
859491
524659
147890
445436
80812
451284
804791
235742
663357
725526
543748
629176
420254
6563
786628
131147
389495
1455
496286
430142
6760
833427
83175
347225
630713
31133
263630
601376
141397
393795
160301
595482
506549
620679
480479
293655
642886
872567
815426
630895
152262
358562
166992
315809
705850
85074
887998
16002
874846
700345
611713
412309
258413
79666
41672
550343
69263
660691
132173
70744
142013
850080
492743
294179
176741
182658
475386
712100
370345
574521
274480
263853
220911
96719
342629
442207
73793
392654
805237
552295
331820
159860
125550
720328
812688
789997
820319
444108
714855
349126
594027
12830
140671
657398
504699
379504
347853
685088
349210
801807
511558
371017
148984
700892
104317
752769
875357
544703
236397
114279
393329
759959
168613
786500
190841
558073
272143
36668
237656
218255
798935
6627
863723
558863
231817
869407
681532
82456
43863
280651
656490
859718
689312
631383
494804
374674
98440
713608
177845
422192
24110
591380
754899
89025
172511
91498
365373
324312
882077
101804
239977
370830
822922
783826
10286
299290
517183
555608
418300
325926
832762
167812
876775
407445
334190
510666
143873
582545
568436
572730
420574
788738
379412
190181
773311
819608
132906
477568
404359
718752
272160
619495
489152
124947
327688
585673
883622
17297
346890
132385
399814
162683
107570
389490
719332
831166
27577
766514
527897
516659
840813
84778
612993
518137
15094
715845
691002
306704
502401
796956
445740
814328
118574
532536
127531
638602
805028
457580
650976
847544
829963
67083
311214
276908
297387
868406
526882
530418
241049
539725
146607
787031
780215
444605
281775
858232
891799
823071
127181
153060
822568
717328
763118
231
651567
412694
612694
877083
890856
588728
326330
833261
417911
459640
390655
407044
64262
433508
707893
711246
361594
695896
608956
79231
242087
449210
21603
679676
385956
84847
188052
370472
224528
545483
405052
408726
244711
169231
781518
507644
628549
560589
326474
574151
167508
394369
281960
53443
182891
24038
128009
72698
43779
170560
448323
455827
88594
97568
228109
721436
535506
80776
345811
122629
602228
668747
461340
179304
729697
382960
434874
247077
293974
72434
198533
618154
260988
70051
474962
425782
685711
798589
44278
64329
596288
722842
664781
291940
333324
413361
677499
67456
619200
356625
618097
55025
371621
133987
698820
395271
601711
690636
175916
551335
641036
611655
171401
282632
636246
253435
438198
754603
176972
8316
743474
173139
550599
219926
86523
660637
511822
880869
376527
620127
319115
861380
613923
595159
776961
781217
415822
290572
364354
300055
576198
185238
577781
708260
123210
452077
186064
763424
658128
233709
93147
615684
722546
118968
500821
396724
269130
611693
392646
711558
89526
792934
651277
627655
570216
381
208986
58020
586722
409836
735344
125483
402127
443195
603169
390376
182521
593266
516452
890964
156889
1271
464595
665075
231620
263178
207514
637834
273143
127821
605562
527508
308011
307598
297170
359294
504472
700976
675603
898917
561817
83465
406008
662345
724428
93348
496381
7323
515259
173572
739288
520656
885398
817297
801389
220547
549987
75535
792513
35361
217871
468298
294401
431813
486626
68736
805353
102236
130640
452348
179130
546945
851149
161942
344610
741496
253817
9785
877829
596480
244101
478976
525532
779787
80044
490069
683234
836282
602617
490369
184416
533585
167373
801126
124720
196879
88180
197738
95744
339242
536604
277539
867561
260275
464221
435800
101313
792010
613303
147580
243263
420329
39874
325905
235714
508976
488601
171187
850442
512311
52779
532793
729500
286141
385079
871384
814110
816741
567296
720661
68933
400832
676913
583437
139814
737995
715190
552470
609647
474338
454434
866529
326522
552889
885834
14391
171803
89632
43310
197819
598119
146384
221706
93003
404368
107578
683056
352733
668342
406027
93358
364215
708079
174369
427772
896642
70998
830874
617253
728680
62542
2697
39614
66157
726204
650297
732336
193060
38122
239639
627025
836822
382846
862196
46713
401396
504118
371126
310908
792213
284177
66659
839753
330187
154052
801479
81298
288910
293311
232603
76682
559612
294958
175383
125241
70265
432782
402175
105537
615293
20042
653936
143557
830894
477448
643856
375925
85318
613920
172516
182345
224052
829762
205201
481268
317488
329780
168993
763467
695687
680609
705595
296935
379234
788255
200919
222609
5018
413560
264918
786289
8465
204440
424110
441599
798730
582968
194675
242114
291538
473469
499749
171551
396394
186116
489989
591398
662512
824383
597117
716097
828519
519777
305945
402941
449281
309950
881536
620940
302943
552388
760249
433376
347490
522505
336075
113007
878347
897916
148439
91845
193894
551613
174703
324324
232819
235857
704040
185343
424200
411081
718996
766138
112940
272349
752343
720330
467947
316458
720251
776385
710814
13550
505007
651281
816027
153683
741491
2594
847179
435699
8304
220902
235538
373457
357253
702161
545783
487408
225331
278415
775994
474891
778298
495871
391064
678507
284247
341508
457729
181767
798906
541486
20545
864131
600810
503397
18338
412249
309180
310427
774276
377900
593538
5787
516233
700328
370905
105910
572489
404024
370600
50248
41786
891797
60366
352908
133099
217181
744971
840506
213307
658024
513635
96750
18549
329918
367576
389622
545065
89604
771919
368068
427885
848654
495100
723504
222261
75991
5024
283796
468209
548957
168553
349576
323268
544099
815229
532363
194323
578824
483242
596090
75011
444631
880182
458492
415605
142121
588385
791920
222546
143423
270454
97882
617212
259035
689805
878153
822633
310719
92053
444655
241470
774568
692187
508579
101977
897410
815041
626278
656713
660916
360050
181655
493109
2666
821333
529144
610308
563470
822594
410165
187838
355217
401271
38457
817848
807897
72017
759472
885786
395080
878998
469312
862358
17324
890150
151818
164805
314195
517536
457687
114129
442294
426340
190772
879364
694847
41084
168852
799402
394882
774697
249701
716866
542720
899413
146268
288187
284144
489564
488490
125369
340656
616648
405124
480711
320468
660203
795409
237310
96452
585141
820371
71799
163008
557841
134324
587802
10828
266496
460495
301498
706001
163022
647574
512557
803517
705983
358016
631647
579107
268094
250719
183375
881550
812518
181551
251297
223196
774621
421262
315383
504890
822498
178271
119282
508633
593085
468353
390622
475723
517871
351952
184653
730908
276290
492382
248988
186883
714249
186577
653926
541878
213564
578557
585377
93286
633087
86540
46980
208031
492881
541879
413841
331822
407425
443987
564577
577577
89657
587435
130634
851196
539368
544102
6370
246775
617991
292540
736201
199063
90771
147060
735709
309318
865514
179960
288417
773339
726184
45096
575724
162762
164080
511588
813858
511307
768741
585019
692368
19650
841853
818222
224603
539685
538179
568005
303518
494469
707997
605578
321852
183009
602450
488704
517689
521991
802665
796310
408309
342275
588318
572691
889873
308232
790897
796893
173836
252717
321242
533678
650951
488239
722099
889890
423525
480681
187668
111303
515202
486026
356512
568195
750145
66120
658362
188474
375917
819137
763472
784241
577835
836709
525799
676189
264471
213899
134630
754612
50142
168969
54210
588344
172601
336341
175059
338228
203674
768463
357385
82098
557377
841049
442887
623904
795831
229040
803509
635984
504327
768619
433115
260338
167965
122988
17318
440291
561680
365881
364342
459796
418068
292972
395530
302913
497854
542588
621306
220025
616590
184482
206758
709907
205391
872912
57075
744049
353025
511524
599454
586930
421385
804724
102593
595321
297834
47379
510121
618963
482389
420619
879819
108280
263118
38302
739770
168392
59980
86197
566040
321376
277574
466544
293046
665012
88460
857052
320011
550468
149363
688757
148075
409851
305960
503957
313405
102775
683109
461788
612188
57205
141026
135017
735696
749720
604737
303056
565529
150465
89486
828840
568844
346966
611161
759082
203826
232450
575248
807580
369766
717723
781422
333114
684296
355523
605601
761710
3955
669661
766339
651824
899503
701482
498263
184863
101133
180351
837026
748369
808451
782184
826031
61378
533636
643052
753326
143971
593878
796454
681007
557275
674456
558194
889238
773090
765926
511070
886470
99879
208916
262910
210561
339621
94501
760391
101862
10862
751470
299483
134432
828301
877454
509129
467024
713002
435750
879806
837248
227124
621793
701448
349498
346486
704501
550056
65501
470527
775585
400863
640666
187939
17256
208196
572366
253414
545551
534073
431316
801710
334647
383704
632007
89608
627639
703921
195382
445743
286480
770164
47634
330166
527101
156700
393552
784546
858911
9272
464210
156788
838977
370211
721005
7244
538844
115172
355312
304295
253947
98295
572821
503827
114016
489047
391387
199166
244463
371297
137803
667924
686367
357784
539743
88691
579004
789563
68101
636755
700941
230508
46861
7023
375089
473052
671888
434659
464382
484701
353067
807378
790940
692504
204946
622520
169249
894977
818454
749939
774269
333270
142904
109641
130585
782648
788307
799058
612170
424695
81042
822729
687766
867910
125375
309431
801677
626164
234416
274176
472409
18099
782408
480799
763024
313091
488986
725949
451060
169732
196378
815673
31619
52787
60623
186824
421217
857383
611265
450629
577277
868927
362242
453943
803180
135678
197983
362281
320892
208721
213896
432383
467591
301867
372953
768059
217356
871374
53602
625745
583865
689651
526237
20878
600770
722246
370770
493249
501091
545289
778238
38588
10821
28982
149783
386406
318833
786169
501395
151004
353530
58503
542017
446725
631007
642244
328035
768093
338587
40051
249038
592853
222588
270859
412001
531611
665083
81964
382775
71793
431361
18529
409617
452675
566644
323069
276303
136047
294597
736662
12919
670217
418002
830861
833981
65272
625056
309210
386467
41629
32908
557714
126342
464564
677520
798513
279182
586629
408684
700449
745092
654351
665471
416502
766771
176570
653535
491200
811537
805505
7311
210532
561025
500875
728027
745292
334754
757144
775688
551317
389979
439750
589372
539833
5442
40828
437986
268003
264623
851208
350387
267871
421400
541182
614806
500375
702923
730330
868766
324097
129717
371564
435816
388221
719116
350394
205562
70278
407025
322189
171293
242663
556877
293048
589521
392931
209067
306572
300321
553352
894530
414453
524860
317385
866744
158578
83467
717155
602617
823577
230692
64328
764789
477277
153898
834345
332644
386044
390274
245775
715639
891984
748002
759173
496115
334755
364928
648324
714827
284315
747791
322507
47824
648187
345305
102906
1852
332545
247662
538404
35196
373063
240591
679538
518396
167204
834722
496939
553477
301887
537074
622529
544173
71697
93896
886495
788659
810794
280705
60735
283714
393624
719092
286886
104582
191538
205523
137909
871319
851614
109890
614397
603844
376611
742861
43741
211585
724831
736933
79124
17677
555192
379110
582677
81893
361671
72244
652714
894297
597268
214180
266100
859518
439904
743852
46093
635057
789680
105604
732948
602545
597251
172724
424752
242764
509729
205383
244113
766723
485566
710752
705270
756736
476915
303854
796156
885182
773461
305877
6282
297171
609970
289012
52723
670006
335110
11197
656521
24880
608469
55134
11462
713519
750009
899454
626343
681098
67977
383379
173573
268226
751860
175498
189751
282309
456667
259864
133766
475846
143568
748924
171626
649282
236991
48977
244737
223651
729320
272250
527759
607466
710479
529934
293564
633845
585468
863196
504506
426237
763769
233521
579069
774372
734776
214695
768976
470196
437913
769575
816990
319152
883700
768663
130498
598126
461934
548317
12648
465699
782462
117945
449933
278519
190656
754641
70331
197878