10000
898318
498504
210829
375114
889346
452915
716353
756152
846666
452481
478566
112171
570358
478321
907857
588076
658138
697226
250456
919597
74579
675993
750530
957118
88629
229135
483188
853733
215901
257879
653501
355735
102864
16010
167623
470940
307578
472349
42912
187980
954617
429490
313895
84915
468950
740381
524890
423113
434901
787524
607247
438534
228307
54689
492492
128300
705047
657319
234177
693036
495746
590616
66561
24967
49196
507218
550383
188421
661916
53604
376300
547612
336878
243427
270558
648502
785746
837209
604854
165913
513227
819627
340140
602249
304488
905958
138356
827994
320517
332291
66661
570142
341687
489265
280736
495202
899631
403090
259401
813016
503315
426344
304938
199895
471893
417692
117552
827217
88087
689668
150018
342768
963171
247530
988904
404963
258834
587866
980830
831256
980557
949637
387098
147285
927549
410860
542885
524566
81006
400541
708350
168096
318670
475259
774595
370807
256523
259211
275885
649993
140372
467069
99717
385232
270561
115795
57276
73771
554137
257048
201268
41565
559737
671096
615650
835440
856395
527602
784984
375173
377486
964743
109511
622290
57312
166002
657896
89116
386071
351765
220430
985975
678966
876296
501297
343443
107738
643256
68875
942810
913405
630297
34397
250490
976469
158557
976181
179852
825581
767297
695194
744261
850895
385890
792417
221894
810580
426436
408913
188484
439068
56632
957566
875560
791415
255378
743369
929043
605368
187668
229501
961905
422670
414047
826172
203505
973727
996816
343239
222821
928422
909694
313454
84312
854793
383019
243324
489971
325890
622291
79501
614854
522354
320711
464877
875167
298729
565915
668766
773859
775529
880881
124209
561970
305464
132002
445557
440496
793208
853086
514016
877344
268622
246133
404626
664408
718643
828593
216749
929101
603381
917655
179582
263707
580779
29198
112257
426738
899943
496912
406416
700105
793109
178774
107335
1247
40835
406320
474479
350260
682964
197180
286803
287615
773671
432808
190194
463943
237356
6004
134061
12080
256732
815110
664902
482905
452433
950735
449885
710145
224623
142012
733231
27690
912646
32944
960707
559110
921707
668207
355361
921552
116223
722041
779682
79822
341030
565228
285380
824359
319317
879690
165822
871152
789335
946138
924117
394491
397039
430717
782776
120290
604716
339527
943185
36701
226526
852445
484488
859938
249838
294747
896235
789715
318466
515585
49446
462463
358765
777095
334955
649325
746902
452206
422222
915697
593145
959339
577289
668457
604627
983935
946194
793097
589232
861585
411694
711898
685186
323976
102091
105641
558476
301411
577622
423752
765768
198677
395352
200937
369941
90219
818395
473130
469704
579779
553644
239047
663339
416593
564835
761740
613309
896723
560437
263530
413425
896152
603205
752520
588946
260311
275607
528694
841068
89275
908340
477873
23091
878492
690548
417817
629958
166020
847657
645749
602886
585840
163099
220440
328649
500365
165852
980660
973077
369763
321955
23263
6623
930305
300490
164097
766135
870943
236656
788222
299259
163539
483434
180932
377344
816583
143175
646856
531702
157451
664525
717415
773832
31552
887972
285034
32699
744762
390672
13325
960487
830178
315879
386358
228009
283854
376089
560152
691892
686202
20147
523654
954952
808085
374679
803343
824399
992633
312497
558785
123386
809447
471631
569151
321695
453670
327655
784320
553037
624444
115249
106253
121729
741237
410888
818715
880389
550600
698008
216688
826675
198655
791103
132775
925248
757168
302915
797523
556906
956226
971889
930786
9560
894126
686123
667084
482552
954798
236088
450929
308274
383228
651212
24566
693905
821792
834068
961565
129165
862450
591226
67598
623311
441595
538584
58098
509277
225928
35740
860264
499602
718916
763226
757380
112041
410132
910158
686731
804181
389391
374880
52525
843880
712618
960855
251613
403314
731102
218381
776210
83714
341200
416367
109556
994465
736636
685338
920727
82648
582816
598652
704950
657191
774309
991955
209445
503380
143397
620757
605601
204233
221650
179156
126197
656457
516174
202845
617374
949662
798976
548703
615201
61848
75747
701613
358357
425175
968104
123617
145768
107929
313555
682024
439947
306868
981797
282539
968421
542763
622624
730745
432526
654567
934957
382775
445430
989780
804576
587556
9439
933831
73972
72423
989302
952193
168203
786905
377409
894355
852999
444050
283572
794991
934355
727435
96244
75089
926733
584794
984540
738298
832824
998965
279505
890777
958817
786524
583654
974831
561955
958280
417544
924219
800724
370251
236618
596634
446674
717616
509392
305999
7869
731671
883450
245888
602883
775678
957495
614189
53613
836668
53889
998900
611081
353586
619019
699026
508490
473162
834956
500373
639940
893139
860515
60253
411830
296286
60035
463189
763896
871684
7285
106163
247701
829317
544050
28452
382920
562182
834268
988791
879145
120887
449846
706656
670286
445213
328571
247744
327895
509194
889916
417394
423513
76903
68963
530487
924521
882274
556929
130649
946509
297798
749022
73989
408175
26362
822901
628912
231397
422234
389376
391938
867401
483308
461062
454953
892449
304085
784678
744659
925754
851183
323071
74454
227080
151083
568023
771151
82407
703950
833601
466318
229721
480217
708577
259111
98150
184246
478619
529039
652036
383180
835081
579452
511503
132569
769603
492515
837407
793435
595269
637438
451223
224838
397801
295526
468965
153702
789619
155386
934323
328359
558574
946936
627868
784753
960482
285326
819879
762733
626396
685941
843175
359975
420162
56462
317661
599467
116164
780302
550672
17580
722526
406794
854027
926164
434619
85307
841586
783642
674022
45484
895127
962445
490617
675734
15787
196410
796466
294188
425075
863431
119476
943883
342422
788408
100876
462410
76070
873087
763184
490064
879893
43202
661734
93406
793501
389680
283964
113696
961516
256085
234685
401204
934362
384807
855930
211185
580249
236840
274828
5265
115013
940686
228962
470794
217163
246044
525483
411895
204362
926458
104887
644296
200123
914505
951876
124061
865741
597089
540747
735416
662364
523295
695131
948698
618139
938421
454478
22705
200572
209191
216499
400405
143328
51028
463542
431139
70755
864283
114524
825624
75381
347779
253764
576686
327751
477922
104864
43041
192620
437298
171797
978940
765891
78137
797571
496585
882818
244839
169004
420963
829908
885235
652949
611585
110795
565562
453673
116455
414057
620035
334209
710856
349140
512960
946360
540241
56911
64282
110684
538512
435462
742896
617545
438698
554347
635614
129356
301850
154050
987029
875896
4724
780595
670602
733373
105463
339418
360218
533866
837749
193697
287763
997955
831517
783548
492543
540072
586743
909793
427226
588365
831106
336565
917851
304125
749331
652223
483177
597314
700071
812461
891206
579360
475573
87733
930056
543369
6229
862505
265168
48664
781037
50636
956648
270336
31290
612741
363234
275553
828474
676069
418843
599441
367197
267286
281156
86480
912182
970138
379779
581303
757425
406169
266453
282832
817968
603199
886955
501981
38916
134826
448953
74043
477144
470409
727022
43899
453587
689621
622877
352174
687341
70657
477534
673277
662416
526816
691312
268597
978193
564594
486441
51610
502189
711915
889933
812569
302114
147780
210670
285760
602272
184697
750965
793329
716560
599787
802764
216873
795816
42432
631123
211299
932258
366275
127327
65438
57724
931523
783572
397473
607033
700813
262066
790636
803503
711081
527299
784595
479652
593607
817246
383518
75515
383297
569225
637710
858984
150089
549090
741551
80855
813178
406751
224103
849009
147676
685284
728073
813942
359703
653842
674098
273553
664001
63749
956875
594436
429091
455509
224260
276425
648793
785498
497821
127357
816187
754719
179237
336586
887179
402719
72821
50053
842941
218247
791617
637947
911353
1135
661389
377248
604410
405396
741741
121786
639045
39787
909166
119807
573999
263258
299732
168055
205854
86009
328167
371965
651659
791388
896615
193556
39577
811502
72390
287911
455873
160122
380165
296170
316800
898204
117739
655705
580734
654635
791829
463397
27735
582262
979215
809983
835259
518848
732674
488512
627220
578018
1340
488876
620202
55702
914987
895122
716923
749049
815359
88591
532857
649785
308975
762851
926069
806346
692367
950787
546394
724950
854351
458071
240391
531980
555480
161287
619644
676393
645574
159158
538263
694763
390074
378149
61342
255600
489277
10167
328022
730669
189104
555439
761301
29289
667110
296237
709302
812099
522067
236105
646836
915993
325555
94289
71371
683627
554895
633381
331321
838311
861928
662265
350419
815668
10526
565758
431479
824132
85397
834931
110077
683437
685833
955313
835426
998751
276173
76247
734904
564439
854427
277118
740030
964924
375435
551243
465360
93899
937541
51064
260269
317334
213884
232638
571044
857589
865851
313922
891292
257244
938021
46214
134030
130496
418234
190530
898742
990677
483174
809793
780391
832029
897327
390368
740611
857508
348420
478586
545744
446135
348904
414201
949883
960032
919437
693433
273022
175791
349204
139481
306144
142125
81066
711558
383379
161139
797866
218268
535930
602917
381732
546834
210648
472851
244271
684006
612705
205626
864686
942239
773171
878714
776099
324839
845644
876380
754370
494976
127873
167540
259050
930566
920216
793627
936816
689349
402704
980825
468429
893762
563995
749272
114531
390402
966113
569057
298897
829842
164210
813693
87455
59553
821301
995671
787346
690341
598371
780583
512204
537361
872642
973389
372432
827174
855439
813386
286858
823592
338311
362323
327596
100104
56873
228965
965070
27355
903050
573713
407823
911070
64626
932309
430462
768041
931717
404030
735313
435418
337064
686267
121429
997399
1565
241257
559557
611082
247940
979160
594557
484777
516774
555272
909729
387575
537258
378210
690603
168090
17024
944962
522393
602308
729585
455439
733900
46818
669455
906756
32514
755280
429901
953037
549399
183021
627831
896040
797561
919457
34017
854795
778269
441069
363728
134488
772012
949761
477252
975713
715710
247913
202703
559033
503527
293216
684021
918230
948099
744895
582005
442584
114092
598535
962881
163264
708143
393258
590834
764463
458306
450777
957308
480992
305889
931043
205828
952215
759088
169155
993089
417170
511433
872377
497107
47276
353023
219124
135601
366818
604187
52744
213864
231410
907666
421711
104464
407643
204218
846811
269051
532968
229917
508226
121729
599343
967650
520393
120131
411392
548870
767562
824542
525632
548173
937057
155375
747526
536641
564761
323428
393825
633194
832819
947954
396967
88679
437847
487464
325225
561980
121712
527594
737905
387869
391324
766036
86089
921155
369345
549637
707556
61809
736846
950156
303575
98876
52061
60910
87976
574803
42571
502454
882681
268829
397611
143796
17295
232462
919601
526059
181178
874795
622899
131893
81260
378020
442986
317605
85674
20644
476962
89234
720704
380807
947833
208638
580279
334068
81335
375305
893845
850596
229780
82417
343869
825881
775582
676462
417407
160461
624008
21581
919384
648952
875657
934052
337451
10114
893457
488307
394315
55901
918938
945688
989792
50942
185356
891971
284309
859542
583035
5427
151200
499131
892262
146225
641369
627459
128187
650052
701196
345486
354156
341309
195484
579898
11099
332457
425909
321062
124866
781945
205120
500519
422743
800596
643372
539826
303470
386789
603959
935476
141920
665656
658276
9785
469915
436871
218998
595792
311901
374418
817615
526313
535524
107134
923537
710810
850887
426223
902507
271074
655886
645388
67990
840184
742936
653254
349450
832594
876767
562700
98090
9315
29904
286886
675986
943320
22558
241547
745067
282234
670473
670880
707993
934093
198667
350155
368237
290044
229328
297873
102986
818680
885116
812864
579875
819718
677565
741693
787859
15065
114528
209602
746344
881989
727281
814539
669294
9331
458881
134346
954582
247260
66756
69487
536145
855844
287262
867391
234852
765606
548774
839305
103232
271167
170771
889512
61656
623922
477440
448232
242445
954096
617248
657659
902162
303800
341550
587808
461875
429475
260468
222378
84671
280799
229180
598141
589055
701455
999077
249725
431470
775234
312664
146419
718551
146063
514403
344426
246294
982075
248727
584278
132482
192929
409525
777089
938341
838442
473044
658080
730560
481262
335339
254283
70415
729523
111511
769551
62431
804688
318598
440393
654905
607764
346552
242105
781702
528342
962678
525349
363534
642263
351863
30811
257998
735398
920683
151567
114990
66320
857294
421708
793659
128859
901039
610381
206876
186934
499760
472835
340929
503528
974901
3400
918443
142032
649937
998476
602126
514411
901623
651661
753433
623490
555087
401965
724990
524468
649774
121020
490040
704467
437666
887871
170897
178753
331032
928969
130455
361665
534793
157435
890107
536067
424498
216904
409577
926684
748433
501958
540150
699951
633969
291097
990861
568657
270936
450097
613818
418652
973445
676729
480327
131253
469311
627116
325747
799494
114394
97155
876632
744076
206056
58887
982782
270846
146797
835167
834735
138269
651661
861658
903791
929581
74311
634940
951578
963752
271268
672598
749203
667600
644490
242919
331123
100321
609354
359796
797672
520025
86865
438950
178018
195307
994476
495489
262440
208169
730789
777854
430537
72047
783164
508906
410465
89721
384239
882733
897777
435958
9575
596276
204059
990685
709845
94721
779684
934815
292829
332212
715771
778782
746572
863133
903138
397705
41506
702813
680100
670666
32917
350782
913939
653977
6589
620145
192208
377441
495047
256238
160976
5738
653044
960601
680890
33817
138299
390316
889394
960432
277301
351455
104696
457558
968091
83384
224814
894880
19370
415776
255072
717993
260097
481690
842595
975647
542085
40949
951172
623486
759519
70412
16376
722542
555944
591552
973222
993926
341207
737933
894472
667119
845496
340305
59533
907047
155202
853331
795967
173059
738329
932969
800490
130997
547281
662106
221863
633407
654560
531663
804075
720174
502213
207811
293551
417625
219782
850383
503643
75185
233222
741071
619357
803395
31708
185626
242434
940400
323418
384688
81527
899221
675048
191482
194528
282077
244199
793560
760221
619958
570968
445100
495000
845115
934182
747975
538165
623281
521816
698717
195035
480967
641343
358793
167230
188202
608199
194274
723159
121100
443382
956698
426659
751352
171668
869922
240441
689785
663439
437754
113051
362149
653998
776904
38073
404356
375652
829172
985705
619626
65806
287423
452001
189789
499592
328419
937835
137923
732346
454641
578248
799978
729248
810182
171862
907202
475709
759433
279407
97612
192227
252765
560667
93124
101359
891245
106231
923371
427191
351091
650296
927494
746735
972250
980906
780728
284929
346703
462984
454526
114493
975447
474322
253333
481400
52821
916541
642880
561683
810401
213239
355804
677781
757365
655467
506329
490420
952236
278190
743792
790933
828845
95531
820132
397301
891197
431443
419945
244455
697677
960037
561686
710691
106409
702572
4869
234036
254323
770588
688106
974091
400931
793474
937455
922004
138885
955179
359545
924306
385981
114242
323351
902721
946276
212501
432837
215448
456621
543696
501606
534539
857639
373016
35351
591524
3631
659328
117862
300128
208203
875131
943380
270468
29817
828909
995641
183245
341795
928742
347905
646859
238436
490418
40028
291296
140538
84375
523217
50440
162582
90635
736996
183776
566226
744334
653552
87334
754106
561568
401653
866166
410132
844831
829778
101631
538068
382719
920449
160045
344222
565121
461907
102877
642958
505874
312883
590383
628668
607739
151079
499649
521348
420758
810219
424612
473433
464349
534804
434499
702143
764705
511775
730369
570045
569842
173912
228988
472240
533632
601028
853436
959841
241843
879416
358451
371935
442350
955326
240307
984219
501188
979178
621021
292973
659713
851313
354986
978683
134607
233146
137209
715801
655718
184052
719128
181733
160920
462121
943607
754072
806612
438292
588541
387033
756098
870822
267434
167158
405264
880117
690693
960273
875016
838998
420923
355396
565311
398894
719484
934365
151055
252830
140684
141339
934752
507960
831119
931611
663992
829355
187506
198767
899253
365418
749258
444181
702290
876566
441045
330297
394476
944998
571185
937866
802764
697998
26061
332292
30935
369233
847669
555832
220770
590624
591849
144464
910042
209115
440620
953846
445791
52976
128735
425882
333709
356838
869362
97427
56907
678731
636221
17550
644016
909687
913262
391092
928392
527777
451071
124079
275938
398025
753753
451801
451774
501644
187518
172459
983099
77761
413560
406646
610769
998225
225066
75051
550423
851357
38408
647777
141625
504168
565271
885870
93923
598081
795726
668574
466454
388197
683205
713116
322595
599457
30823
760496
934423
891805
897068
943323
536921
175477
61227
646183
45410
137593
450415
54200
850284
417244
344184
168219
561065
541086
322224
953690
47651
591811
870444
925070
649792
197989
997615
191035
267664
824128
687962
321351
516961
212603
892773
804168
858752
842492
666040
395410
751173
391000
624873
902009
539081
503917
91507
329907
684849
758259
50558
992092
454864
843755
159384
45824
873378
470679
273326
240058
668059
630167
34760
967973
384782
528991
542859
350132
732558
963675
295045
501478
794491
752669
719139
983367
602757
394383
35108
942380
578854
927987
975287
956934
16999
572707
144210
360661
794902
806292
711380
799654
350471
799587
492456
534239
419711
259686
473300
623531
852502
317459
657545
214958
999993
869265
587408
187456
158552
724261
604303
593326
432473
865151
56594
646524
569078
652207
452275
130477
926148
978728
193686
484722
976963
212664
69065
530520
187264
968773
204248
405243
49621
698529
449207
300902
332811
565776
221471
261354
182218
679556
646135
750020
397235
923206
614379
892828
252201
697889
583580
814829
836569
258634
398465
799122
981628
520017
493263
775241
394207
822590
569091
14205
660444
398828
495715
691201
298559
600468
997299
66161
646984
766759
773887
707116
25888
442700
780819
858825
137897
140561
298659
556915
102846
397305
514658
473997
499332
305059
644236
389009
269553
766744
263449
606799
256289
167759
827951
242851
617974
437355
465642
87150
92433
459439
471282
120162
758605
922747
369486
347521
439137
654132
312533
832219
947684
891052
690978
543900
141683
219942
994213
47389
25771
376464
87607
869521
725759
103766
419290
755690
623400
578132
725900
856094
979441
633989
174486
813389
893149
359800
561219
913580
846704
695023
72680
319112
354712
373980
927238
863614
395342
128991
138377
396290
119470
388097
139219
300760
828645
891950
423633
296212
510995
484603
605868
953669
529030
223777
295234
249822
532952
405038
987355
230372
300959
232722
526088
612435
220426
549991
741722
267931
517814
287074
106701
757453
407178
576232
697535
156052
20955
292093
99127
459860
451422
567205
239268
447840
806927
148797
466560
953435
847614
936218
841544
335054
116839
331075
16560
594478
926333
531987
684426
937180
677398
413192
372865
639212
411316
117259
890416
628968
121810
557495
724893
602631
696782
418829
367931
89870
919806
381258
703793
638232
815341
734395
867666
653902
767808
157857
457256
204346
24020
92385
379164
780406
667737
587568
508712
405049
46910
858211
400717
208691
347406
385179
919129
679664
933511
71927
289478
639187
729346
589358
299443
80468
246074
80035
920509
198780
893417
607048
393737
632661
324581
416103
332852
716851
925346
700153
532852
574492
925886
742276
127709
563637
432687
633558
956758
311439
129828
718621
613412
459257
350323
610907
274659
508225
849689
285975
793511
353497
452242
305159
833971
203840
104063
907135
15000
948723
242769
722515
354291
943700
182278
407641
215152
365946
312160
739141
821200
739569
988245
806950
776938
295697
239736
291891
864984
960382
294384
483684
850917
959474
57004
4215
181267
574882
756382
844273
585600
332696
206124
320109
665686
650250
243531
394537
329924
772375
975885
31802
330229
115981
219599
97055
176961
579505
382957
305991
497740
989607
859739
161091
612112
847926
409694
859880
409488
131371
407386
265720
912171
799280
611039
314443
755466
354833
850702
820353
598679
363769
951956
16793
211402
767754
251554
647513
958336
894085
739990
575468
537736
954403
422425
11433
117650
977044
727412
943792
624884
216333
921909
955884
302341
103121
800458
388969
13443
433895
768199
855348
901049
684047
895122
721015
14615
641803
870630
433622
145582
825246
929306
719593
670068
254957
503186
968729
236004
734386
883023
286597
372503
850733
408391
391464
158203
248025
682079
49503
174379
902356
361904
698432
790727
515843
623756
106446
30687
680543
628053
339164
128044
50834
280486
403531
979533
179645
923472
801113
387505
882594
538565
354761
717078
247046
366407
209647
854159
924288
296476
138598
212746
290463
193061
979062
114741
193392
919884
314326
705161
440568
801842
364101
278088
124294
911459
857196
110784
447456
313014
490687
519900
593132
92989
615127
310156
944053
680163
361708
959465
455786
864465
957631
576446
216504
306183
727876
111716
430826
224112
795703
636105
14695
982341
221289
33078
672502
908391
501390
40649
352202
106747
82165
653327
658344
36635
388244
129222
19356
20845
737107
246269
316
127521
925001
171801
885875
387224
600614
867245
658346
354151
976421
109316
504229
682461
198075
815073
693836
680716
806902
223344
362993
837939
806447
919481
883530
439714
728292
230822
438122
493700
675017
573666
145573
724869
234553
68544
688319
46220
167593
765873
382854
189853
145419
382985
150357
643001
945419
331763
257306
991010
978221
360476
290870
622782
297215
427430
428119
142974
507827
563608
125045
46037
784687
38134
769023
181602
226830
927429
119066
128040
181103
678571
374328
684430
975123
946967
102653
290433
450994
612366
266043
440096
333985
89202
360498
167880
633335
305247
361241
341482
804414
821464
486847
196048
692191
650233
154383
813270
297287
532819
864181
909041
416324
763885
273557
232005
404428
297832
47707
192461
436123
176440
708990
464252
507941
355509
484713
897473
212765
837915
921973
849825
451810
787148
41373
99300
293509
510616
538934
839068
900113
20801
110143
200298
358
168993
804375
241981
606171
781906
986716
403110
278863
703714
252786
493958
320869
163302
761291
895721
462143
367985
759387
858096
6964
408139
767967
109273
307522
212641
787216
259397
841701
195911
824407
173711
422670
736015
272131
721606
331237
159208
312531
444582
960266
395380
270914
972731
799517
749226
392942
576013
36806
596982
939959
855263
60078
319427
330091
954573
480159
627110
806373
293261
89512
800614
554178
896819
956155
189475
211010
665665
83664
256044
844548
607652
411368
147397
406617
247729
250623
367389
83779
974436
650103
900716
705295
441085
287871
793366
937884
7214
545892
152123
675345
318850
133464
122402
968779
983873
888362
806096
702680
670044
874479
447782
793469
381909
307795
690813
979071
611373
43589
644691
209263
801695
32965
107077
984398
684205
642557
754969
481537
70110
132538
480328
396149
350093
417172
56740
691535
73901
34281
635466
108755
191629
269242
746139
612757
747
454060
639439
762337
801017
4750
68040
401132
253458
42238
23994
138660
934488
268368
266759
240199
357158
296504
458833
672644
711675
303909
89190
791014
990510
608142
538667
110420
697715
987760
116987
462428
288169
372079
620607
809437
439269
629288
775537
742249
473466
509636
234566
97741
632791
911749
488504
14795
509198
433141
345454
487031
773769
914308
724264
306910
563135
842353
80665
222717
219251
558699
17580
717351
338117
405662
177855
130495
428848
266091
459295
344417
674017
951671
444335
778367
892344
533966
387033
651833
271860
629783
85790
927740
426104
84844
965868
274363
290348
238991
855586
457137
632776
55541
768639
398349
972930
230828
121289
579443
45286
980315
917999
780155
320819
830046
977416
225802
408890
360986
354321
954047
585390
538872
50139
922600
731855
444825
597554
945346
148875
227335
491816
895995
897487
859852
599602
42547
385004
40270
146188
984799
42682
868500
578094
755330
658618
329970
279393
777092
881644
845003
119925
35129
83515
40802
66531
566276
355394
138498
566475
8112
540565
317267
572894
174764
805257
474328
504689
476135
214600
141810
727648
617678
4165
837508
685755
87326
57644
588631
683242
261708
951707
151728
236348
719677
321541
300142
649566
585541
290876
254787
681007
292656
344190
592483
328487
809506
65911
234437
406200
887056
309726
790906
401303
258796
572449
915724
214997
234900
71763
333489
146108
534762
141747
340060
147087
276495
213439
787587
659665
826960
942083
628727
838033
842156
776827
465343
142391
258716
932857
944081
939895
218798
833521
846549
44465
110384
851400
36938
944972
623102
12036
857525
374536
276971
520934
343546
498117
249754
187895
694255
156522
389985
508234
250546
578689
431868
175971
980943
829135
816765
100905
420674
276473
750757
331600
348420
172875
731051
873601
704934
161325
69976
353069
431692
140756
679365
363049
404220
153214
406670
239471
873017
357257
394028
16734
408088
389981
149033
696806
673834
149809
93800
484826
529192
905849
970581
286233
326795
676042
284629
928321
192497
994590
102965
558025
240107
30116
5780
795938
13147
358519
861148
443255
775801
449781
95466
816037
440905
583150
105327
942362
480302
154573
98675
349337
545867
345727
66078
750669
264857
132234
466668
240443
512297
775824
289516
84490
571202
850755
604141
282144
620488
415123
394579
918891
139882
329556
297516
656115
24059
44534
690690
67340
917738
149698
287445
575743
960336
840625
828142
218071
214709
607528
97259
104688
897298
671950
459357
105574
538403
26326
115170
329223
299534
277280
566768
471325
12740
671381
175638
534793
527253
199602
555829
360709
358658
212718
287072
32093
138652
589444
930399
487149
183261
616435
942645
500571
955093
657866
205298
450795
597735
478306
74223
972705
413408
908555
796122
853033
461911
223265
654697
669655
40638
578822
306485
254497
121522
751058
620593
709166
40755
387929
364527
993222
615297
698304
305613
823428
798818
853901
617583
202843
915539
399325
170317
419209
171267
556485
252903
755418
459394
392280
7840
299578
663034
342967
999646
120326
481769
355925
147279
540646
122373
648769
427019
893950
952636
455018
360364
877462
467577
842880
284864
914166
604977
914185
82175
750003
962903
830206
228597
46546
668869
913051
447840
821747
91571
710997
468584
993313
853365
380844
966697
653318
525356
204470
370123
377569
950697
74918
553774
124317
139138
932246
116618
202383
208655
161514
65796
144381
177007
648167
872457
571630
963850
719309
359319
944056
866054
381084
470954
520733
666314
804454
203836
172526
852880
540356
403158
321991
337095
840191
34477
498722
323314
706182
954475
944471
891260
586065
151685
823139
595812
275384
963971
841734
75998
42625
729557
999386
327373
382511
628033
394360
378292
637352
463645
141865
83054
262068
402727
600049
704754
996534
764596
590689
274767
950762
326386
281711
510990
690638
447672
337569
417421
383602
702396
13262
398505
224052
761584
282391
901605
625069
716795
474798
404444
985291
862734
550146
996702
207733
178390
384881
104983
284134
601235
973215
988375
90688
291660
560856
573250
555679
797801
138528
848308
765667
960027
394591
975352
223850
428392
895851
214233
619675
110385
843237
771864
557488
570033
53667
623387
285000
627748
721233
580826
900816
169507
302655
655980
600191
558402
313829
882509
203731
284877
861236
373438
51102
103891
351765
337228
498075
345615
518784
282289
841580
169496
914612
829170
106721
883031
573465
461478
799546
562296
622472
41665
997267
726402
865812
104571
130160
860921
680793
477741
576711
811125
883025
908541
802163
65945
317702
673754
616172
871419
314201
136879
867973
52597
794753
830110
512694
169148
597771
764856
339546
27566
685829
271867
660904
216620
395599
737880
910067
21924
704136
858852
392093
280789
222650
631534
530867
138255
610708
979860
673605
814625
65450
607378
103409
855485
862629
336552
697523
384150
183547
157389
890917
797468
333406
632541
685922
82459
395321
952358
50323
239670
432843
284733
543842
41732
584919
564085
21128
759688
6318
993940
303716
457798
304719
913721
818748
644014
410014
463112
363171
460370
977048
467859
270796
607699
98740
934821
196235
226712
251207
169913
582461
988056
72468
17799
457935
490586
550569
58468
332413
25489
350070
367532
216939
518948
18314
794560
818820
223613
248452
453414
637973
166129
14115
105561
354459
48918
438097
941465
449216
974625
859169
793342
536720
267905
728402
203221
21575
8768
284043
533110
520163
939343
426838
773036
141474
41074
318271
29691
179389
959302
267702
135160
393990
840939
627256
937470
744766
959605
576081
989332
345944
593188
765257
322803
807731
898703
218867
2355
780667
832783
745269
421212
522417
621241
682435
896757
255882
957314
60221
798024
71918
169730
692331
796962
729794
134128
584576
55379
112773
821237
791435
78371
999216
328897
106712
593327
237933
436716
428095
970883
150298
628962
700300
970569
494663
716272
197749
752913
909914
208696
404668
951563
297342
907783
125140
117333
347335
987278
54764
621086
40126
900615
839687
283888
510800
858162
49275
728496
863295
183337
106801
401679
102579
156042
695004
608600
712723
3044
564524
568557
884032
274143
552868
19689
299832
846737
366018
45793
275493
396425
810553
81177
137279
837524
537322
93607
156826
953286
116867
361846
730022
860417
351938
799154
835795
643451
59566
917766
715575
541198
705629
383871
113925
270101
850840
115544
27953
455980
702762
134399
307970
837587
493202
331911
922122
304300
250972
705515
813421
739428
460733
969309
604544
810787
215350
269123
639810
735315
792430
875734
905701
529146
710021
330028
901952
501608
282718
320404
357873
563963
799163
153729
858176
340843
103167
121913
219032
624481
994842
622353
864354
855131
617342
224426
855027
823087
337024
714943
240775
844068
48672
179837
468474
546190
887560
265299
117265
996421
923943
51402
468885
279377
100131
652361
168033
876897
946185
166480
734269
123370
6339
632730
504100
996937
330874
973290
686031
902585
943075
766978
850079
577094
89564
186902
313221
109747
198839
587872
908497
716102
269550
115937
862580
585711
706986
221230
976422
819514
650369
191846
752392
799080
579045
729522
662655
938253
485668
393025
502464
20418
259153
352591
363514
788623
864343
894647
960291
999348
277741
288535
900378
82984
642366
730137
665211
125707
841766
927373
711112
439398
508300
794535
997515
806097
869542
943915
977088
430369
38972
645880
395134
864783
65552
626115
422150
105707
38717
20575
283861
42086
253391
98203
141657
378714
54855
682943
551737
500471
213438
493086
891915
802597
125063
486034
196362
130458
423299
733260
572851
415754
345197
33520
365423
291693
949044
57099
576903
81731
94187
290855
122583
859565
312535
946408
686719
90910
794696
644794
185841
581069
603950
838948
920192
236615
200172
798663
772957
72561
208488
64248
361508
6282
263825
433175
530867
419835
554506
670114
354404
269314
597632
789737
61972
883456
628012
286513
41277
618154
269204
690918
839387
184437
399279
198843
945288
81155
372684
646594
295944
340694
568585
256069
655069
72978
190234
242405
358931
970805
813961
997167
359783
562690
210477
863432
641434
621943
85819
920256
740878
618212
633344
407115
919776
307001
75728
537525
160465
998759
528445
68939
127496
771008
613856
30316
116982
152312
321925
885373
880175
874106
327188
621007
211782
512257
144142
152200
289139
67941
157754
13979
328853
658501
528826
564037
463755
118404
554433
882907
570011
161367
938054
915919
510257
966411
241281
884035
105504
369992
546470
637951
895584
575602
333966
9461
357760
490627
501674
206036
513965
384247
368603
404817
385200
694159
977353
378515
534935
705953
398236
198874
291129
4943
946440
329375
782383
964502
268768
554285
585391
592580
683391
444391
352651
633179
30947
805886
872658
575918
805316
207686
500331
577136
778729
388395
27565
810411
726236
473098
915369
515301
790404
564119
855703
81621
329789
77034
696388
301170
320009
905211
282545
387300
564695
880157
922370
287564
460162
35725
907495
509076
156987
201073
54494
342505
292694
239025
865356
31425
398532
728621
973087
327711
400190
725650
946574
141611
854928
442955
941001
782634
137419
441146
943252
128298
256221
467496
446169
553007
648871
489122
804166
130744
201538
477702
530035
209668
587301
956421
582411
70883
327554
653307
887745
677534
89914
300307
372140
908418
625079
606474
969725
784893
17274
318050
730115
127607
792244
150812
311660
748933
284154
801895
636970
9777
906392
663173
475387
798227
438663
662462
336158
740164
77329
585216
719823
360577
555242
469373
27954
286307
396072
2966
87676
650647
184008
217624
644822
66504
606319
732156
366567
576746
858622
151107
801158
941227
515322
54918
148174
724333
352521
750250
844970
598668
666692
216489
661358
644577
533950
159845
76083
758497
983376
191797
536832
287155
838613
528607
934646
431219
824759
110894
690572
584863
749599
925861
740233
710688
768330
479726
164341
293233
189616
496398
734661
609778
931616
27212
196137
999865
789611
174677
991795
998742
665392
938706
187823
368710
272481
716573
958325
754667
667995
332870
252010
194966
952812
916345
708729
782302
677397
225962
289071
183643
149616
901006
685637
260217
840029
850456
732215
464203
691816
195984
726687
303373
607108
773173
192248
368533
250056
156158
361135
116612
9342
310363
28836
318527
545225
411564
466955
839276
905947
728652
304137
462963
725374
462385
278582
785454
518948
968191
570749
455416
348318
660490
955709
778752
65256
986845
518650
513501
939263
274875
283834
76838
865714
969757
188782
258363
546924
665195
598450
35888
453739
19730
866838
933935
13142
338073
256741
626417
218595
863148
522383
687795
247578
12728
531991
623366
523114
618153
291064
334926
268563
791074
779812
844075
28325
629872
770989
619535
100608
590920
65151
92508
657392
423688
641216
816836
565172
500912
805684
143693
28957
148474
12975
133788
900537
633593
288883
1053
698364
294022
802841
385036
502473
242800
439257
954234
615962
702836
49978
2708
90062
812812
395104
82398
688359
515043
61857
192869
985706
642253
523882
121568
631098
65940
216287
763844
60161
403747
289089
473329
519357
27949
136702
310199
608002
797072
848184
480217
425195
174077
815045
37378
666049
421421
390569
828811
226164
701173
739534
458909
476396
305390
292779
979314
766803
282198
976960
540710
875273
640870
764411
12816
745098
249698
482150
856776
159056
988460
655465
932666
263334
547787
903739
774964
921858
745185
179938
922117
691555
365980
298153
788951
19799
254897
624717
998845
541271
552878
143190
634058
734584
715638
328239
915841
352609
312149
175853
742657
873221
440548
652405
31340
139137
276839
978010
913354
619142
11819
802484
144420
194351
589089
291121
673142
400129
981233
596750
773466
829354
20997
59165
40378
614208
599524
487123
971150
143403
218869
416359
799439
528772
184673
896829
406078
987212
247342
486749
580345
156134
363463
58333
791235
922568
259825
928287
359664
819682
142942
106758
682865
409631
612877
171475
693805
59841
82855
225436
379062
367813
72896
599078
777485
829632
582824
263884
941050
301202
759408
660152
228388
543380
894588
107486
86081
243533
702149
58311
396584
393286
231996
807149
101257
356984
745979
507210
578210
231623
873393
550690
770214
773111
96922
208661
537267
626731
820263
244958
824927
766338
607012
893282
254456
958288
554283
115338
587776
579591
99911
313827
565107
702263
423391
337482
295158
91779
120239
882487
173137
707758
882118
331512
935195
216922
909603
339701
902462
799527
61678
96733
602108
946353
539873
430358
136254
463395
560874
568675
254967
522249
469565
117086
203849
659967
361334
648394
7787
852542
466454
815732
748280
705990
556471
645636
213409
660891
642492
411036
648100
916455
37327
503636
27702
442374
909925
365512
328080
443102
381006
754669
923431
980348
274175
562155
44806
597778
162538
618520
710822
866750
972654
879649
161100
160116
840005
150480
193613
715998
744925
415959
53662
776256
949809
841529
447737
734400
962623
912677
709546
110430
443002
389874
524759
399314
112158
879984
293425
981080
446112
13000
615405
624252
177170
741905
77036
883947
305950
731440
540099
483855
139987
272818
296459
756964
88986
373091
981875
895681
986314
503535
714397
469856
464319
917640
721764
46196
276344
86980
500896
570554
973870
275633
49820
844940
13944
434681
97753
620826
335172
898748
13245
511462
550491
98928
190343
567404
76416
353292
302302
903291
560652
361315
662651
486268
944152
142714
990465
210281
740365
472807
808046
169906
829689
210224
486502
107188
652180
925693
41126
656737
101573
480721
987846
334670
721306
5695
672485
879207
929125
998083
679152
603240
794930
407857
212760
327142
497066
344468
567848
521784
565560
788030
55679
956583
536949
139951
421863
274164
87547
419224
921782
72070
252004
878136
588078
349353
681166
801428
438013
44159
648670
345125
901439
423335
659553
50242
269623
765314
40033
771560
89050
677776
981563
482395
861961
233885
769850
599186
552886
545994
872723
878318
974447
776110
592826
962990
330269
525170
228927
593419
71754
127445
278620
99927
34754
40195
709951
518105
201733
53909
702527
677951
273100
298004
917627
768538
63199
806935
488621
998378
798160
387544
901446
524739
354432
674037
744027
767767
459537
481474
676402
445401
590882
980795
944268
234200
687977
648263
951846
59564
62873
266236
765146
342035
998550
719430
313029
858064
619488
423159
466725
847793
582286
173729
175839
538347
36357
973430
104507
527610
225096
296333
612283
413703
29011
188337
294185
28212
360834
23063
664816
867692
464594
969424
868931
413338
571919
307926
694088
966616
368773
348048
749090
131893
174878
258297
874900
520789
850218
821134
872663
434079
855420
825573
556685
335372
125251
374057
595720
462269
476510
234666
557066
955892
969078
874493
119906
972287
179917
193120
156272
714259
660717
154563
479255
499004
143986
63103
78899
843351
363905
880780
470006
334567
34543
356058
83369
817655
299960
211488
640220
955406
313205
426875
415869
39809
478740
639611
595878
383225
196843
306952
199313
32271
989564
575199
217389
907434
426933
415189
870825
400226
120527
115317
303582
150375
213536
543448
158435
439498
576480
130959
152977
127885
719609
934635
713666
661155
882864
245314
378383
927827
549144
298808
990306
367050
277421
661680
965583
834268
3937
913500
554854
728300
153900
873704
38081
913640
126012
403100
257099
399376
671127
39461
257372
869260
326507
143439
904988
496102
719580
360060
573404
910863
460599
952432
860858
533696
977425
708440
98945
59554
477794
318228
816246
53914
38567
288541
448762
778660
760442
275709
4749
988209
94811
737064
893562
924012
435299
961344
835629
174774
7169
620910
192072
315687
567246
450684
635454
249405
829344
348629
228052
411543
620954
434554
199411
745157
749096
816349
447289
328428
236577
647240
981667
176213
611386
404189
587108
477588
132557
754157
814136
226303
569948
756434
852657
614985
997924
775490
668087
29606
54861
417441
936924
366937
657911
173982
528445
403631
553017
37143
563508
507626
604620
783662
999983
680562
228571
175365
225047
990102
496849
328303
19553
749494
231426
113954
714190
877715
895200
250331
385865
785203
453794
202057
319955
80561
234064
94513
947577
726986
273711
630017
66147
246389
18947
462129
397843
208822
709869
163597
431715
312308
307093
854567
994989
485828
13713
812107
50427
321270
805079
747371
160147
193067
170414
986356
845472
538528
891382
67726
866506
52889
604487
43380
59713
741167
104596
335995
817048
464430
697400
343511
388572
516773
965214
281316
635918
509472
187444
911433
349182
581952
470561
216152
100381
166173
426163
646886
317869
212286
702984
299147
186407
970820
630720
415150
200274
623019
410646
147685
1426
33537
53381
650307
454829
168309
662199
442787
868117
525685
580144
185576
913210
457090
126282
13240
964116
761999
523585
140944
638926
223802
445345
13163
766986
308213
178749
487404
923842
966316
432665
69545
641118
316495
461299
545862
657775
675640
507620
249809
716850
918596
881843
810749
236486
162995
667509
355715
93233
668511
850238
51235
257845
755932
365486
745672
686750
961799
75433
382507
222994
96586
740913
953065
378328
802440
635438
840653
364631
857767
583486
410862
314531
276046
102732
100994
721124
426764
201374
113703
890118
911309
977659
108527
737220
661962
624147
816707
831387
761034
742878
206244
179
184858
6947
272824
594453
640510
260199
765301
855916
946048
44249
910178
40210
765190
441119
235854
113377
464965
971258
342041
520447
402086
510109
480958
525674
592479
828214
878076
731510
600494
730880
785300
268660
211263
799239
444781
396840
220728
40618
444703
276606
637202
147215
189354
160820
468793
355392
601403
84870
689942
222380
104674
671784
268665
932449
272659
834209
177585
481401
25973
11847
165769
185184
962412
162430
791645
461468
914822
96160
326185
557092
364113
875707
475862
521279
951784
339200
762437
668671
69192
27701
604241
768789
544465
908713
132568
466295
436117
993351
91789
59005
512236
566029
319036
741403
297960
638512
323176
67411
767048
915349
530210
130498
409376
148031
482595
995319
908599
510987
422667
9421
454225
243664
52292
739547
541587
811379
634530
499415
229218
62448
625357
435146
985873
504746
330960
559359
383046
188840
1530
758252
349163
562866
150754
458384
257011
559986
337148
321325
303266
541570
801274
753875
24554
621180
222941
156684
499496
708749
970757
671883
113011
729723
919647
871952
764217
474301
589362
334456
806194
499266
28351
679922
422898
306527
18347
670398
14410
200045
307623
423482
884897
356991
111126
869552
425328
37821
79492
829018
411666
604262
129530
344807
982628
743845
410082
749276
28396
251830
752369
740182
222094
199363
30437
701802
306845
582994
504075
602869
454550
543736
163508
892147
771417
542114
731460
205140
342425
367506
150718
303517
373925
51805
440451
926595
657614
503158
559311
93582
732721
124859
40578
52628
109135
47636
679173
494296
228640
404440
858416
209497
590037
916479
759911
574830
76826
586757
231215
148810
399968
847216
792688
298905
524941
208810
66797
369169
989547
868942
315614
331553
10084
655290
666666
475773
634083
424617
378566
690226
310656
326484
658223
877158
513723
331623
467075
59257
531424
619487
322322
514127
972993
895889
760307
707274
317304
514692
381156
133597
274805
527954
269935
131105
116299
979703
592005
121759
271706
107676
19503
644528
346154
557485
111072
225024
298753
960915
632247
765003
333172
44928
591253
573476
658863
40117
7935
332298
508642
919306
662322
329576
939728
895761
616871
846834
655791
879247
494133
723038
732102
186792
600681
862927
213113
583877
476227
47471
617562
804201
224044
498837
933653
58767
246700
91172
232441
260412
132949
26541
200059
678053
610922
417959
118001
537591
939643
867741
236983
370799
13863
855935
858565
719334
64170
534981
376083
648684
859198
160616
772469
744156
731692
806318
823688
970841
372264
788638
552695
915067
161008
115498
707342
120022
768138
758482
554729
566773
12473
356855
759769
186060
189873
569340
887939
371701
840042
914810
468702
730426
888034
643041
153599
930224
499593
428913
737364
7760
171392
120233
196810
93188
930770
773173
785827
675743
444191
48771
153611
430676
40089
45582
972846
776380
482230
609286
632974
155714
629306
76677
484418
974332
961969
318320
809547
769980
391311
800122
596249
292882
277032
38598
254034
956541
443590
708420
638529
923376
18047
235689
847122
343834
354762
857986
997614
639253
334987
842307
15787
335747
953225
491277
192328
889278
229169
748224
296089
262183
613830
651
914627
931404
293252
134049
471148
777061
280009
619161
844695
314614
786063
844745
953886
92830
623106
734402
285092
25523
174043
163737
32258
632960
331564
785336
796675
358437
678329
574374
636571
470806
816736
105897
683471
480198
58727
504340
157560
662844
440439
675965
954818
304566
156508
908588
641356
677552
505563
994619
952443
948988
823727
24634
894601
487452
296173
218471
981278
108011
162952
613832
341208
59458
94551
590071
146278
532482
464635
498232
633330
652637
86139
647846
254144
97158
373244
94434
729483
37634
563303
359882
70279
572948
940076
614302
714089
797498
189030
618802
360563
701618
391936
106686
428864
777363
627673
493580
61790
3643
340107
955359
570465
50614
12592
497320
481170
951116
482289
99259
5042
686244
898383
268357
353248
312816
300779
670282
431544
735321
339841
362247
287122
795227
859852
669023
981527
814141
259169
262694
492351
999000
664703
998939
294004
92932
891855
158646
982010
777225
136494
478876
653808
866264
80936
981072
615707
859246
377926
753645
409133
114047
163339
846948
749509
946037
344292
770936
774571
622315
540916
253921
806777
666688
101607
587027
291522
559956
756179
352107
442100
493237
588938
723507
723878
428006
320433
758737
539983
201153
751213
632718
795405
201125
913426
353884
194153
799972
212253
601774
144279
41933
630855
326841
688992
983424
634594
621984
844922
624279
354678
138828
725772
947743
94384
339077
933392
351322
60880
772921
658913
873675
426844
24451
810036
715393
596585
951718
88844
129901
194108
397456
319677
61263
260795
786388
916099
606324
895272
177664
675200
514713
299192
914203
411210
828683
228612
225582
264568
288271
981936
362516
948650
54485
8200
329164
375449
344134
736323
768325
589859
413583
244080
532541
460415
971949
369871
533343
89361
722164
877040
282969
32958
702325
923317
912675
783639
659610
338653
912007
579237
157758
21123
606042
874401
799792
883074
432441
111672
65668
572605
896132
238977
622626
641372
955590
229493
858741
531017
83889
935769
79754
65122
111067
660838
270198
697753
19248
172247
690111
871762
260131
807969
165583
291418
790354
69113
573190
904622
748599
819377
908658
995928
587897
813278
944377
995970
972286
89447
127976
879902
387504
974458
545823
705125
284598
672305
194154
659214
768236
501107
617595
492582
946782
635482
918533
741780
659539
91199
125813
702087
191870
332087
953026
504757
303049
395598
430399
466127
479143
536167
490757
179098
674355
203309
530304
616017
84561
637135
579182
567432
670475
709769
274509
600257
585879
498277
564593
317647
476429
247664
822889
382616
335015
780883
317181
509423
972933
273166
343587
114558
172959
627503
753803
442520
130060
147491
985085
719212
995875
586514
872452
223940
114766
999088
412376
912608
116419
816860
188164
330119
38050
965716
324905
512258
662616
514160
230272
311521
256472
846528
630144
816655
789080
812408
10418
110811
739173
261593
816942
253672
236745
56981
226871
156283
379350
707694
489463
364818
972397
393105
106221
364654
632897
562944
895672
539242
740351
316924
257703
689136
248394
272870
245891
116002
313537
336026
679641
741557
944216
151749
24236
706609
222807
942463
452081
210546
517743
86781
67522
688199
266341
913697
770722
912599
246274
137717
226640
634940
330364
529408
470346
196392
775856
358436
677952
673908
943758
175451
942039
804903
832789
925754
819793
741300
937219
649748
684836
702982
764330
940084
298448
591470
110935
454191
559084
858893
14430
730015
861079
985762
539420
826382
745463
279943
420942
711644
994832
243111
126150
221657
120263
991285
610017
236463
921928
879624
898517
376584
234019
16166
360926
577671
874869
790345
672320
44299
87817
571216
844986
260212
831900
587505
543336
61243
840427
821613
621977
512361
337706
398025
559390
532063
921269
963754
277968
493601
116281
709106
499848
150733
345797
677391
110286
83263
711891
719928
677268
952322
458912
160945
54674
537394
385140
842296
674360
930241
368126
576727
231369
942106
745334
453054
178987
513160
419317
210801
957988
560907
777828
969860
236669
570140
492789
598479
129911
846702
31828
315768
736947
824240
939390
314854
648508
13102
985669
290513
877492
897992
516923
865187
641479
372911
137031
101318
410968
625574
370282
374696
752648
111723
27274
749325
193825
619264
438565
647733
326430
404736
66841
269260
231776
837014
990856
675950
167718
410816
200981
533801
86006
643287
216958
590927
170674
998886
471709
829743
280583
174664
89804
329615
410136
536185
471816
134713
591227
468030
636727
349970
672446
229236
548713
663006
337673
740902
113179
537132
378432
665061
947321
614530
289621
785877
74828
177297
620499
621984
199567
597350
88752
738102
636608
193188
383865
626059
383560
951238
292867
278063
118521
229333
205197
324190
484565
64019
249278
522232
707368
204229
421165
662950
294019
180966
7157
669562
48129
798777
407926
184603
262370
942247
102194
318901
334636
440179
535401
964648
310339
942872
928564
430994
480404
838182
320239
980968
198409
930742
189247
193455
181224
845479
3518
534551
377217
208474
831919
133604
246556
43611
205476
140576
88738
895932
380915
594997
617934
594915
535181
103500
637636
832685
450726
116597
278122
339933
905934
59261
785772
941998
5147
276102
721679
70568
997176
947041
10903
719274
211706
170515
495496
483543
428497
93902
538619
119512
491931
620717
552748
750463
176270
69301
277390
377517
778134
740011
628171
574243
73396
35869
161618
231862
467140
805949
57713
263360
117663
859132
980909
728133
406150
686222
909705
43192
836363
713583
100157
752713
449078
176961
951573
978019
688571
12276
898342
789030
690191
917786
551741
364460
825163
488350
373655
152151
851273
598893
302021
493242
716098
917985
375227
396595
71568
728370
533939
540360
430899
583949
789986
468693
72841
107814
370437
458496
649311
74545
629343
777467
24656
191714
483798
463906
699463
404852
777183
343377
593889
559746
380090
503535
224721
401203
162472
316648
462041
986946
558051
765741
527508
106542
557966
842182
187599
944707
317336
870414
213560
593408
726086
368413
453070
608217
801204
302794
739202
253618
772230
564940
272795
208941
724121
489231
355881
859271
846326
638282
437237
496900
49743
431527
565138
378139
950219
97931
249000
694313
937825
517682
263933
26304
572794
362245
306905
797013
602688
722337
853064
351578
890892
59146
42678
707400
359301
451755
225399
846938
925291
48174
752134
958465
805368
824293
72187
954314
879318
568503
721612
480204
148469
593801
422972
893999
401935
727743
38678
818654
971025
688265
879429
934460
481530
471519
986264
475892
332708
960871
883003
909761
558197
801196
778720
212210
87996
597050
636066
239056
627336
612811
965522
521174
395872
807050
339367
517433
233472
378703
125491
189737
610900
334491
866239
549306
81364
821831
622819
317777
169733
630864
117754
597875
495533
985847
287042
903426
415314
674177
121737
909386
994935
454124
706952
879169
86450
203849
737456
37521
514460
116311
839687
573118
394530
328068
881678
532547
602112
277660
23253
550582
752917
457830
543578
634504
56802
193970
599707
687733
76153
386520
372434
287622
821412
266371
209537
466562
612136
604557
828302
100121
260283
246938
8872
552115
516928
361800
946057
577961
12270
399599
73637
567078
649019
899842
898332
850344
901074
358858
713425
366371
848544
675513
66932
276980
307407
946035
29189
492177
207922
562186
390550
226700
316765
877249
764510
376658
459585
951328
475915
177877
607055
519863
672169
25450
785851
638456
494306
557269
80480
34508
641128
523214
500791
564798
734719
968117
980340
419644
421266
105502
515338
674593
175531
123096
323809
301087
940438
650859
867385
4934
254793
579511
234278
442164
431658
251575
655121
81221
500598
498646
165888
186651
157320
708793
386236
189763
516636
877724
404818
331373
746723
998105
60949
523305
645409
915641
342370
557702
770287
295396
759057
868182
243776
706999
490402
490680
123959
378211
950313
968011
674986
411542
840153
479556
136975
144509
742560
140452
310995
13227
51839
948388
356905
923055
594988
352348
933372
611298
948254
163327
419154
995972
770451
511345
823469
364551
150403
529988
162262
978250
281157
304090
779534
675462
897431
925395
187121
146434
744123
127049
811604
114240
576941
790923
780533
201764
431922
123151
233481
916849
620662
170063
386774
396999
160308
713227
357243
956520
311620
339493
391466
863218
606145
330738
813058
458108
551985
324845
587218
188536
69685
874319
216248
393186
888998
151082
418829
427942
69555
494884
175621
342923
102905
414988
713861
526381
206684
651458
6112
260695
532522
891875
594549
105427
585746
328577
504656
338700
879520
900958
456777
771219
364445
845105
305770
135912
487516
204949
919566
678917
693738
916501
975164
456081
476236
721483
150944
139767
628944
880536
443615
461008
987859
155281
983770
180518
72991
45973
409254
335583
32994
576581
91392
839433
967841
406043
233950
474153
538075
683192
695696
636515
298430
522327
288969
174281
811064
387608
553751
568841
983720
591062
406487
832790
980759
676132
983385
408007
197141
46070
666850
725715
63290
955603
462901
792611
704923
819459
703430
615028
948576
564707
352012
632910
511518
587382
196133
891373
98563
257096
972734
587096
792947
404171
243387
903190
948234
626062
194924
100868
968507
92977
771595
524615
248299
19295
602927
807213
298688
240448
186731
617180
420608
807245
870038
118701
920205
308009
214026
498157
244537
842235
729787
127512
201156
482679
487191
466902
631656
244364
198271
792380
551209
64101
442043
312496
993888
601508
133454
850747
638778
919962
805839
681805
225911
42141
642444
549988
978436
600290
856096
70893
279956
462116
134076
986319
62288
405719
370818
719192
572720
714045
536092
30848
698032
629134
414155
368830
807601
453536
304533
351926
300733
97986
96734
746780
987923
565250
81190
856937
960762
819239
19652
863616
235906
223740
956458
813613
621651
177927
22452
939806
245882
989155
711045
329233
957356
148231
420014
522649
55574
352443
747549
354194
62766
790598
992475
388363
969506
997110
218668
698437
847039
521310
783303
81609
838991
617310
67825
235110
730768
339747
937635
691998
863862
655830
88744
720149
180629
609288
123115
988489
482405
770573
518041
518265
830849
240785
925414
353425
485717
771039
559051
297229
722098
455081
394983
653943
151565
89966
648773
427422
528431
37517
280361
175983
818065
578733
854932
946442
641986
259122
5731
74236
47888
495563
319941
724333
663541
443014
482259
161643
790616
926129
531589
421393
882546
169962
829962
33385
245777
929132
904001
783461
264066
394088
115353
564973
921100
479658
830776
431658
524828
337055
215191
271150
118490
848429
57817
110096
824789
356432
719232
287414
350110
45226
859457
734743
631220
591312
692380
223860
763929
780935
308160
215688
938468
681761
700451
685777
114899
596881
83536
470762
223089
121212
401830
10907
507800
937456
414470
746550
752415
466653
523122
252472
231706
689440
957951
552023
388752
908459
908220
915809
772016
759172
955670
362343
186946
519178
418905
848677
830045
216205
478167
615543
259947
960159
819583
951399
831485
854360
722519
708871
735840
565940
753556
507539
649053
89641
459707
458257
739758
116088
555221
72384
935552
221652
941749
147166
123394
115283
193244
99921
289998
334360
559396
559580
346651
345568
280369
486592
689054
963820
392996
253509
986085
20156
466022
741786
372931
279654
573965
979622
156964
179756
847509
81487
977024
623558
321953
64601
859344
637497
429324
771859
482080
114940
299912
199678
613349
142284
320078
506273
749354
78946
220816
910662
716645
962461
834952
137042
822556
172928
384662
166619
384258
30702
820900
148083
520151
136485
950536
959663
135738
143639
192491
673448
715866
79201
487412
3905
575095
95727
905843
913837
685232
613262
980626
621976
676843
765446
499491
771701
774909
865909
604897
10128
344601
459330
619402
932841
69064
369186
866864
257004
787346
467268
862156
739840
980831
853340
945692
220445
618488
94767
446052
534216
114299
544102
884156
323275
12718
488131
466775
783956
194768
885224
884564
196158
507545
686761
761544
639470
193228
447656
4236
811791
15823
125723
515771
844762
571748
680223
526032
262596
661533
115245
831001
65131
845526
430471
768038
284066
136489
619633
117311
131060
674490
322347
91347
226302
737105
21909
610962
834684
141875
156867
312069
893358
670081
352012
775196
370340
115583
217610
357342
309471
147283
295723
37074
147040
750252
847169
476491
168559
129535
688383
120100
289426
361109
824620
530676
91119
466845
796338
205378
476991
855639
685589
436489
536572
562292
790634
640731
662923
12848
539203
294383
337403
444034
273331
541638
963500
969646
244082
77237
690191
51941
164575
444149
320181
599956
219591
771141
883506
507096
136784
832669
424184
288497
448126
5483
409891
728604
594508
967693
518988
501537
857400
898545
812463
729541
408358
344370
196662
888827
614098
545384
892543
639353
810426
155941
255006
627870
425637
49262
712132
993245
434771
746403
709771
750657
92270
334480
890586
973618
282171
677278
44302
502952
524320
490549
448067
628007
756524
651647
654158
745126
763201
436804
68428
853415
963778
794005
569889
594245
247
312358
43260
286246
619955
933718
269486
886039
117490
32797
470656
196456
905135
326597
844238
633787
653238
793867
774540
67468
249410
228175
652568
981771
566938
454116
340930
334276
468121
811674
643139
830274
925461
29495
510628
857754
954674
499498
198147
229925
34561
681759
145537
761514
284575
990682
148471
805938
875794
683263
145468
509552
134895
927937
190283
72059
361115
247757
637252
795179
524714
507494
751376
190751
121707
603844
143984
368340
148740
560023
577271
113379
54750
203235
604268
82372
992125
170166
76142
784006
18542
74127
393692
530480
80512
686960
474110
119142
769286
343694
555818
76334
50346
786835
710289
344858
10403
281602
291409
201430
864972
362128
994627
455650
557857
599522
430811
259553
259865
159538
159657
319286
993511
92165
529674
244155
395440
672448
112709
251082
651201
692563
970552
322172
227616
442988
271509
842746
166755
868892
31636
637688
358094
689200
416154
642142
353484
842392
276803
748297
67239
215810
367691
126822
489102
249573
624071
553705
112135
345425
568445
65020
751767
104536
19658
610709
596072
416940
461535
398141
137580
643229
214029
532966
503616
13185
461427
285515
874041
230218
292859
77981
971372
499163
646395
773708
66985
871004
773764
435717
350000
530632
815398
192576
898797
190338
425221
740079
170790
751953
238302
571078
697623
174594
550233
266036
191607
291128
234714
303698
14156
170192
277573
430890
673318
605095
2124
666714
658814
209103
981812
296163
206070
250672
965476
157865
983557
230925
988364
500073
570898
419293
635300
587150
175650
941389
423776
20526
470453
107491
73188
535646
333204
402027
12661
714791
309074
995154
151053
97684
692564
191990
601461
53522
606255
278189
41398
808847
315704
285759
14186
600996
804974
621293
217350
719533
390288
495568
382306
125934
48238
857230
325042
67790
28096
904085
785383
61320
434414
436482
691518
832647
473355
456566
198790
455189
223823
946598
670205
665013
121020
278080
516890
770629
738099
726919
658936
11382
797850
382139
38044
970968
759110
653096
109110
756205
426189
270212
982067
826516
738484
671745
286985
880705
972249
358244
107915
803127
381325
516289
548875
905692
220832
709454
95783
915066
227763
55088
266221
153911
741625
943048
972706
268617
245587
71253
292607
659106
931505
1067
982557
626147
509763
903554
791369
410730
956629
226868
637341
57931
320538
940181
872795
759100
211910
522851
931426
275727
658380
241647
561594
220336
215860
95801
153964
910644
811527
683463
972651
101269
65230
735080
907141
53812
929399
405427
527461
965477
22797
669852
221592
798441
761285
487667
912464
497010
553603
673046
848524
905047
989423
714101
229583
235107
803036
24210
228054
878573
85894
824580
305847
142378
96125
875781
660399
541205
188403
791962
707051
542939
47327
874111
834473
917809
815335
593125
841562
535362
828451
35227
324695
66656
370427
929893
85639
432679
899922
534319
135750
856474
34921
664918
587123
4780
269816
845052
514270
380872
723100
334404
910217
976927
411017
711291
608216
235193
226658
862490
185852
221996
501252
497865
149048
50289
571093
720442
596940
261392
524943
144554
719361
249294
258917
47829
952802
457843
118191
946833
21064
141438
616447
360917
284980
609103
544100
724181
825223
46790
393282
875613
824025
973237
61654
932415
428431
483699
368902
978107
498040
856908
401914
318644
511856
808972
440885
469945
711336
153323
729349
327820
611408
555690
345202
695490
551467
33289
224925
287515
500896
149925
959693
53989
765603
285838
167204
84983
945902
640448
123728
778749
818229
340365
694875
169220
575846
721898
816289
781961
742220
886682
968561
728085
476290
958706
730591
929355
987321
19973
414867
778718
42355
559040
314192
546659
668167
380609
580666
893684
126101
18226
578538
707944
622639
624556
857054
924270
215054
233829
315197
390669
931504
428698
860616
167359
803936
884078
92579
1379
259608
904274
175799
592746
858843
720050
698301
431735
691310
78443
112050
796963
637508
373488
878538
796350
265890
247023
135710
855821
803937
866194
234979
36801
685990
703290
483325
957836
456936
94738
578290
460747
170408
896496
702735
743263
692977
622812
554921
441081
652106
905308
134339
14672
573699
418106
960262
769290
826977
29024
419402
242819
88242
446867
598450
648591
537604
460080
444274
281276
990193
869391
383615
823044
904193
900263
723052
151460
431924
162738
377595
287383
981495
977759
205837
445524
754024
222385
356594
572080
999761
972183
677840
764784
344102
11916
467591
107842
580720
684204
660627
534537
751679
543119
757938
642173
830884
9698
141602
341863
178527
351634
354658
792646
620421
364130
813195
165381
390943
959859
242302
162252
670269
766819
728853
610160
405657
444115
788504
279971
898663
594420
568125
241955
919245
450358
921530
600268
766541
614349
749439
165266
971191
138307
688957
74873
371097
963229
270712
631807
880763
959484
805327
316339
85942
101503
227424
716770
601292
399674
740013
333025
621662
265760
821992
186830
800062
315438
973540
494277
406278
730361
431745
410634
173445
513547
146210
143508
939584
589953
633035
713906
663129
4163
733283
240155
853383
910129
165252
439646
88
939028
34912
171228
625548
548438
543538
78318
710771
254701
163242
952367
383300
782130
188606
613732
428932
126772
181260
484721
45545
802757
865516
611971
896370
467568
51539
762507
874732
365481
899128
3032
285182
794194
971156
516615
474730
743518
223814
335083
218919
839531
846357
364294
228034
820854
176914
900218
1493
475500
208671
712546
21728
425147
430742
941012
241692
820779
198034
576108
650219
532064
301924
805048
109504
747622
483778
146165
734412
811588
940300
856005
198514
822353
145841
845428
466495
981237
530360
868193
272200
683211
504494
329088
383819
465336
192642
319932
26279
379577
731050
922448
223868
490471
337376
580925
216440
961300
464168
873457
910590
783589
610067
427979
685819
843099
372649
737993
170516
936412
594584
385821
733797
467061
835341
301653
80681
666009
254526
151171
511525
528741
473439
690809
149554
514175
523302
454540
253411
851004
732430
142964
125310
289567
309996
647010
975422
623939
559778
985607
251887
449582
182412
598566
672970
143308
853903
553685
225061
895315
484392
933744
471675
832260
145230
264095
635860
430430
966647
329492
913773
161140
617100
173303
62819
207237
337538
84798
450446
949641
618930
861070
699992
312419
782153
745335
605716
463671
708537
17906
822052
887237
926849
653665
293237
694697
245153
40694
166817
784619
766673
41567
562354
479976
420738
836458
747465
86975
116551
284360
155574
179088
777572
712384
730057
69567
217422
848490
132010
608931
871768
145271
585440
984106
775607
493926
530813
101623
101126
619756
410177
218670
834097
178316
53347
89040
342426
953847
219500
443698
676415
401842
457093
225189
650643
121404
50113
396745
813916
105375
711804
606823
890113
623203
111613
575960
673819
65310
492778
126788
409151
422706
427517
7519
181367
966900
423723
208347
761086
632371
260098
512416
750165
303075
522984
124485
3467
164702
161025
288603
752761
22193
680114
648330
693780
554632
99616
271226
680877
805600
810462
413433
703307
550381
822444
468923
834604
923440
331127
18974
873409
143544
93779
305538
601869
330591
190711
997587
148157
213299
90792
358849
344872
648853
769096
51927
802337
909671
777092
116500
678427
115810
486064
109465
830109
92855
823578
57283
549121
356636
67930
601995
738775
752604
555004
47134
389895
981853
75178
361697
891879
168171
516137
797080
999393
581402
57554
917126
338818
744591
270514
524327
545374
618070
725239
696403
633463
865527
430853
320493
272174
814323
849113
704245
293922
224925
102641
114969
130491
643156
171878
535113
719951
944915
766991
564536
150599
854274
353284
533368
876755
174356
140341
310706
93740
385141
453544
829081
877628
229525
525723
982446
532782
556719
971229
230789
578995
629753
66557
924784
548542
93330
945939
637148
711841
383904
334423
419466
811160
400787
253865
37408
426971
139714
730339
885935
986974
369683
930653
704606
32378
113171
715694
141116
984974
299493
35598
918693
998010
887039
20801
236390
993034
99634
115313
824562
167425
644641
605117
393590
487878
533847
889857
292080
702851
400007
197229
168691
637043
866512
528638
788481
448200
508054
83393
703226
433132
617898
366865
652621
405221
781164
150427
668430
403232
329569
537896
64020
300375
654380
159338
730199
19521
61210
888658
392374
697012
30791
957599
798041
293210
643749
564270
742890
906746
936557
597441
700338
606158
108540
76894
94558
945930
308398
712516
195406
271653
436938
25899
480460
597070
703703
537026
87128
477098
604434
463011
879160
218478
818172
554444
899225
41450
434847
66565
807952
635109
132905
695809
632049
563608
427506
846346
109896
355351
9828
149245
140201
941807
499821
414755
802405
386489
138261
654212
560330
990223
774540
991032
121049
483925
21967
860472
148599
891071
385064
662001
724256
431827
72404
851933
588320
979101
731025
923072
635645
911572
146250
941359
957631
779423
895471
724894
113876
312421
221565
569777
544379
295063
317882
325446
798765
114533
116222
77069
220215
288810
402032
834434
471124
702970
478321
320223
393145
711700
97224
704520
728854
582183
684786
447395
810175
170017
559685
939837
738900
305841
707576
178840
41974
996290
983180
925164
401669
535129
457974
651744
133917
576306
490472
16876
983027
44181
633777
567041
168320
366338
647992
420823
151214
632280
213930
665123
806976
685505
557776
628467
755212
373211
899498
227086
669392
358501
540760
179328
134434
507515
274546
485253
137824
581472
172598
32644
895464
946060
96812
948914
340969
154128
556329
502572
322814
236840
320743
695589
259713
260543
284200
833114
513996
275407
695264
255432
774432
172910
69538
761524
3765
171529
350449
538202
18438
559029
481372
261175
291377
882271
710898
175650
8
904048
183112
487776
729467
102973
66418
527656
884053
190294
90917
413018
858035
743000
290801
834575
433082
434977
321567
276147
978435
227916
520354
710214
724782
267144
114693
796532
94013
921589
113204
399605
562182
687403
212393
197272
950329
911130
292260
201490
954629
718457
891237
567290
550549
873455
98908
245380
602346
351139
8147
459944
992580
59404
835218
122232
957945
96816
461616
348608
59686
573027
697645
138188
159131
121246
183478
183842
776767
652459
522345
996130
417851
694761
48001
443064
6213
17740
258095
334762
357628
423575
801757
990207
281202
533107
949695
677134
473222
668188
215218
713159
727605
410386
33815
753171
729370
115752
315611
515297
641448
368617
470727
945718
365633
361016
628009
526797
431112
393797
137661
236165
610972
990393
512722
586481
790938
584690
232539
4983
650928
480927
165935
154801
197110
638246
643252
511655
777957
188039
591403
986020
231958
912525
152543
713481
650891
694692
518588
15131
129927
317051
477118
39111
951622
519681
928547
843122
396414
67138
459418
521104
391492
92833
161470
484029
80055
212722
101918
322282
152288
277060
80576
630507
377434
726991
378587
856476
754545
729263
921323
761215
963920
926725
184944
600388
86218
85193
926763
71678
238029
385726
123049
42102
571594
484282
486324
120575
184396
154898
875211
681208
765872
891825
551857
417095
346973
126492
531891
820743
813967
953760
763552
731976
662128
350074
708702
548000
556391
443220
998484
270
220427
179703
686256
513354
236540
662646
505879
122913
695182
772330
490122
509796
525081
190465
349314
937086
867745
914103
420871
46186
22802
698242
510800
658426
219029
660901
394511
281346
441122
876021
83756
936518
283642
536055
311818
735610
247515
174370
2632
9855
472656
57363
655489
631829
134184
468034
411906
713692
952198
436994
876389
906002
523708
823570
688463
778629
317995
37902
426453
256819
301514
845680
491740
316759
734910
789033
723320
207626
486524
224923
495792
450145
774348
570233
517338
213456
412465
660871
594891
853398
285388
763162
106285
116854
433324
855377
99285
520353
93480
503391
647678
802235
974053
678030
494063
716684
692076
770721
144188
316384
719928
330348
93281
803330
54954
275
173131
141533
124699
845953
4019
387254
583997
462053
872292
71961
139396
705851
267440
278943
477935
482196
43840
140533
667999
932667
239536
354145
610467
972081
624165
854610
716820
727814
400946
791061
82783
440760
92016
655970
30357
622684
474756
687785
235655
687304
952526
444720
999753
199087
362368
682498
909010
331923
933818
411962
375370
12616
197021
250579
132434
433900
927252
152508
854243
211084
873757
659492
58654
907743
827
349817
955404
761517
511939
75609
425143
158084
318800
360091
718050
804747
618012
37400
630643
650762
69053
425234
813215
447787
332464
244896
549254
487225
505464
138111
966639
833742
442586
10598
675240
829737
214502
558458
991653
170771
37256
254896
133606
753698
15063
867352
11990
128621
843149
855983
279728
725233
61532
529805
456466
108171
216594
163093
318942
624622
230692
159641
225300
250599
135831
391336
783652
410928
81876
307021
722619
918
655137
60842
478097
960379
762828
408961
619881
383516
547781
786249
120646
60226
801314
905588
674286