125
2290
9689
1690
10134
11495
11632
10072
3080
7825
833
1736
2039
7348
9028
3512
501
2807
2433
1911
6408
1510
11465
10420
10992
3179
7507
12152
1706
612
7235
7070
6233
5529
5874
4402
6157
8233
2966
1712
2022
11623
11291
9193
3829
3830
7503
11243
12233
8430
2627
10443
3563
11913
3611
8858
447
5392
10083
578
6329
7204
2082
647
6508
2388
2945
3911
10342
2528
6353
8298
7685
973
4778
6009
5877
7511
5164
11097
9879
8094
4740
2877
6653
2487
1855
10922
8088
7669
4312
9678
1419
134
521
6113
5959
1773
9784
5064
6627
8463
9197
8959
11815
12042
9534
429
10336
2074
2662
3164
4334
3974
9234
2274
5564
9188
2619
9351
1404
8521
1109
7147
11099
7476