250
11599
4776
23105
5955
19509
21091
12837
14603
22406
15686
3861
23560
12232
17226
3333
16835
15894
11463
23255
22427
16372
7519
21098
2893
23774
1030
21255
16102
9532
5959
10022
16945
4377
20783
10761
17946
23505
3630
6894
17778
8111
2028
12273
2528
11573
18602
9193
17569
3883
9555
18002
7087
16702
2847
19612
23666
14068
22492
4706
22950
21024
7521
15515
19094
8523
15451
4065
7339
7284
6300
7260
17875
529
14671
13495
24567
22609
6288
7537
11047
6557
15427
1890
23201
12935
11336
1612
23472
9196
3346
3265
12594
1729
19485
16762
4150
24833
14264
23748
16816
18465
4154
16653
19749
19250
1406
6384
5064
20415
5862
11152
17909
12727
246
24341
24160
10935
21556
18606
10181
11022
16443
16927
85
6124
6451
10054
17844
18922
20827
22490
19605
16851
8973
19044
6815
12299
339
14683
984
13688
22444
2663
15006
23878
14939
9639
21633
20021
10835
8510
1977
17726
8568
6537
5590
18407
3606
3861
21374
13560
8687
1589
33
14661
15406
23336
8297
19710
23853
12410
13391
20908
13399
2241
24851
11133
1548
6110
1239
18315
24699
23262
6290
8910
20883
19562
3527
1259
18968
16862
3039
6782
17197
17279
623
20137
11399
22150
19004
5952
23804
16013
5012
23993
8822
10201
9602
6895
9096
20531
22336
14500
16599
21436
11598
2591
24831
7756
2056
8457
8440
11945
18190
19587
6815
22079
9229
17407
7431
13124
489
18809
23492
2916
20527
4928
15241
17381
12748
4240
13515
5895
16208
1039
20703
11044
22204
3661
18293