500
30802
27920
8309
40593
19507
7869
25603
11714
43742
18946
10664
9592
16610
31875
1345
34836
32096
17640
28339
46451
10566
20728
49396
41990
9698
26517
18143
3643
5079
35848
26957
30856
44098
27918
45243
10759
31451
25390
2609
42481
3450
27238
44879
43257
8172
19762
31686
33697
34865
8768
3251
13892
48399
25107
28235
7585
36694
36337
43315
9054
27019
8889
3100
15033
38690
49443
27520
17051
1588
36880
12461
33078
27416
20658
48071
18745
10399
16825
49751
18829
36705
42661
38605
44816
40247
46136
48213
2070
13324
35806
43976
11308
18032
26242
6153
30712
46251
15048
12431
17902
6223
48887
3415
6701
16184
42000
19259
18045
31102
36245
12296
754
25442
43409
38538
37105
13817
9263
19038
15722
48518
12347
11053
44995
6783
42151
42148
29177
37942
9845
44576
34858
42611
48438
33398
35921
20718
36937
40053
5573
25778
3756
21770
6154
36270
8683
49194
1539
20641
23290
41823
45953
31024
25306
34619
45254
8434
9510
15246
26877
16404
9754
25969
39346
29269
16388
12660
49440
2797
26006
44414
40008
26731
45337
40763
33185
25883
156
2493
27270
29046
20094
7771
32187
13087
29311
46975
23713
26366
46324
49874
27707
17855
40060
14210
11611
25464
47267
40720
27609
15430
6482
46963
1437
36563
35206
40441
47017
31325
14347
38902
11369
4885
5204
11393
35291
217
42373
41573
12481
62
31969
47935
25645
13281
49572
49068
19191
12799
36331
48412
27794
17496
44634
3607
17570
281
28162
42829
48374
7392
23453
7034
23805
6421
29574
16703
12746
26680
11930
4765
3926
31038
2263
47365
48238
49955
7180
40553
32808
27523
41920
16324
42545
48227
1163
42441
36477
43078
11699
5191
6834
6091
17667
29718
47134
49092
2052
48461
13810
45788
34038
33523
13915
22675
27903
40377
25474
10273
46136
3112
41624
49959
2520
28060
15525
11853
23492
18810
18979
46593
11446
34517
29847
49776
29814
8596
9250
31273
48525
41909
35801
8999
27133
2985
37535
17570
29872
39571
18042
42980
3923
27041
5158
44538
48408
40836
1860
21411
26860
32441
4259
26840
48346
31368
9020
17423
2380
3422
46916
14829
10148
40879
42831
33674
43158
7504
24447
11375
5586
49565
29611
26237
13787
5293
11446
39009
2106
48612
44696
46449
35780
22942
47522
4454
13462
41419
5457
17265
15672
39539
27136
5589
5280
13126
27887
4267
48861
46855
4316
18215
39277
49664
41351
42742
30422
14451
5645
2251
20234
32587
36751
39761
15536
20549
36953
20304
48217
2534
3976
10959
25895
27486
35691
34998
35427
23563
3096
16355
34695
18035
2656
15345
23659
35352
16909
8599
3351
15710
31243
25245
49703
43081
33713
15712
49937
15027
5536
12134
17084
36006
7847
46020
25474
8027
1370
2681
16742
21024
13649
22147
4653
27460
30419
15284
26297
26603
22578
17883
2228
49953
26972
35406
44804
18227
38605
8472
16919
45663
35017
18049
37370
48480
43030
30880
44218
31202
33052
3696
24476
16943
35411
11060
38226
24339
36254
21306
29109
6434
36033
21649
26518
27844
39514
15515
7576
49384
28515
48479
18479
26667
7215
27418
14743
43374
1998
10231
46791
36790
18731