650
53911
42851
30890
50684
32855
35684
63890
4024
18126
56702
41096
4441
50462
34976
19809
13047
16907
34053
40742
43919
1196
12427
36065
53492
35882
10265
46933
24525
57840
55221
10435
3931
10609
59099
37703
10233
26909
40774
16349
58581
40717
32983
39343
54139
60929
20413
28388
24755
55018
54550
17778
44861
5764
51169
40571
27829
2329
12764
54387
4653
7752
41204
18263
10830
63229
32936
62839
25986
1534
26894
12369
32742
8504
54010
37088
21537
54911
58706
51961
6285
49499
57632
11595
16685
14952
7459
13811
5815
53824
50166
11204
55347
19382
23889
25726
49114
25516
63577
15393
43497
37552
54884
44625
19446
10532
28298
30426
61417
1376
40898
28929
34453
27643
9268
25250
16669
10020
34815
63467
43448
44305
42179
12574
37930
3503
23193
57694
49599
56442
18711
4516
39617
39416
28711
22394
42772
21129
59858
31318
20347
45350
41536
8843
35409
52024
39067
28473
44515
53025
14021
15986
32838
15478
10792
45106
52239
24544
12076
29925
13711
7879
20301
21120
47560
3830
1635
13638
42287
53365
15745
8430
29117
3228
2697
33659
10252
8386
8255
35150
54926
27887
36915
53931
23209
20517
6846
25376
44735
39472
19260
1216
13504
50523
26903
33153
47344
47852
4795
39072
50537
34583
26868
26263
36926
34960
52974
15874
43452
27551
134
6503
13288
27994
45387
63549
60278
57253
23839
3962
45688
30314
52503
22395
46622
25784
1703
1499
53022
31244
41670
46493
63156
35914
25281
10429
55347
15881
53953
54728
55635
33525
4200
58766
63982
10257
18075
7986
28025
5231
58553
39130
22475
10816
6180
39942
53534
45728
37410
880
1120
16548
11598
5458
43663
52972
16025
1218
32230
22597
18259
27003
9775
21162
61598
52131
6906
14011
31119
1502
5254
12624
25941
41548
1454
50723
54572
59374
29399
16598
37281
37604
30840
35106
3743
46570
41259
42444
39353
25009
22456
44473
61440
30818
275
29811
19696
22299
50231
42034
11466
16752
24289
45768
34978
10496
26075
16692
228
18649
23945
30449
12322
15801
50281
21041
32773
5955
38477
44402
26010
26186
61661
47814
9567
33762
31389
49836
20854
35905
25471
14341
41009
31350
21819
41551
38653
32184
53600
22202
2589
19495
3067
27131
1806
38109
60364
38123
46716
28202
62243
46886
22217
20774
14105
53747
1966
53618
47045
36239
45510
35731
10057
5264
31253
51671
35664
40405
15572
55463
38456
40191
37256
22852
56918
16657
34034
55011
29838
1742
28222
47855
28379
53154
57505
558
33773
59683
26023
9811
49798
50399
58871
40070
29687
55888
1619
54173
53584
46081
23086
10088
25279
54891
30645
8653
46975
25176
13812
49872
49763
50532
31363
36731
31626
13887
3596
2839
24516
52633
2530
61788
53736
59962
29911
57660
28682
34247
14169
29621
57428
60935
60587
18616
21378
54047
6539
26264
13145
61160
10014
758
8626
54503
38816
46820
570
7270
49534
6169
31438
63650
64665
45076
26052
32137
60301
54921
21374
61938
36520
5768
10523
64342
15658
20239
38584
7888
52184
57028
52608
26654
30269
13766
57786
20513
53567
3577
47191
7429
9569
44760
61905
19047
21076
44636
45998
28195
29337
41358
35381
32376
11144
55768
48250
30774
21630
34861
12893
62282
8191
28982
7151
64949
20412
51941
57188
7582
35490
9699
8073
20762
9062
54642
13437
21741
30586
41534
36984
15509
20960
34577
20966
12681
17480
33403
16593
37868
20400
29979
41966
56353
47416
56117
25027
49342
54734
44592
36874
35516
52123
635
6123
58077
5112
35222
45554
52937
54248
64170
63378
25448
7426
3562
43320
7250
64278
44843
47767
60271
36091
57748
26797
18000
57986
50936
2752
39139
13576
56271
28022
38150
2707
56578
23472
44590
10370
55420
29906
38136
18818
50462
9942
23399
51379
11927
10910
53434
48293
16992
1300
29120
30534
15728
12099
60656
38156
6948
16506
45146
58958
17526
52791
55070
41286
23543
37960
7105
6606
26573
13579
42619
29951
6025
42555
38734
1121
15728
60578
8749
13172
49226
59803
24668
61187
33418
42355
47030
17497
18706
18479
40798
48549
63912
27145
12047
25770
16109
4946
15054
15459