700
49595
24532
46271
7923
47405
22953
63104
31847
57482
23366
64108
47708
4314
64234
64007
33455
59096
9394
55269
37399
52145
56011
6694
36525
35844
54272
19883
22183
63427
30959
10361
40203
3314
27088
3034
42521
44170
56510
69156
61386
65895
28793
61903
54703
56019
52803
25016
36104
29204
58506
10779
55939
56715
37050
11404
66324
69846
53309
5364
33094
16017
14004
32471
1220
55301
29293
56655
30781
63038
54581
59705
48928
44294
11135
22630
1035
1769
26013
65658
27080
909
25933
44124
43433
18283
34843
9578
40875
67901
58306
5899
45667
65594
46054
42741
56750
64838
30737
20784
45011
7994
22689
34901
60071
8655
51003
40516
46891
24353
64409
69942
51781
1094
58199
22305
52098
58680
30240
32668
3167
63081
17511
31488
3846
18273
64074
9560
45416
64622
33999
1063
55179
33357
24767
65576
1877
4680
66137
8931
29465
14100
67274
43176
45896
8076
23116
68700
64791
62754
10760
11917
37573
43429
63419
8857
25012
46882
49427
22688
69087
43375
14671
59006
13964
55542
20002
54203
36643
48309
61309
52647
68137
50033
26610
40731
67843
33449
30882
22735
13027
9815
28915
2420
54661
61498
56963
64440
53711
69703
3297
54231
44758
29059
690
60118
60899
920
50176
4595
528
64020
3634
48351
43498
19626
37386
13014
51172
19036
35769
10572
36194
27347
61786
27011
25890
49917
54717
39692
16266
57187
32615
60897
21244
18464
41226
3728
589
17847
60356
31961
16521
57297
33124
39148
64311
24124
63291
2962
14147
14733
38404
15481
44690
66626
22082
10163
46997
44119
42180
12603
61088
26506
45367
18106
52272
23719
52415
52597
31770
45563
61171
34306
28415
67092
41277
64793
66897
29913
4147
46967
58159
51594
67286
52739
61177
65649
12422
60000
46841
28318
35415
17107
38871
41382
49002
48287
25611
52435
27008
60326
4639
26642
32668
48974
41376
67310
36342
33988
41561
57916
63453
12632
41861
5418
21268
972
68732
4816
16574
8812
25797
36135
65452
23530
46323
8336
39320
8599
31828
50105
30865
57077
8285
34362
55587
49071
3443
64275
60944
52694
44620
17735
20113
44105
2472
53502
8455
2251
14331
14088
44580
26017
42830
12077
58439
13883
27999
64306
5287
49646
65716
43178
23571
10527
49963
57851
60458
756
31930
55727
51272
59220
30612
57220
8234
37236
24940
60237
16416
32266
35387
16151
9577
48413
44244
27695
11163
19144
57371
62210
28345
64109
17202
44672
38305
39094
34366
27495
36712
67435
42512
60560
10181
68285
23551
895
23601
9105
32575
36883
8082
59212
29397
27673
65074
19855
3416
26555
69947
51823
15599
38542
3740
64637
36631
44361
34859
27643
18014
58404
57032
52144
27231
42853
16428
1509
18301
57726
36145
1183
65388
28451
27241
59910
57153
9107
4438
12073
16210
43392
585
36155
68952
7877
68075
58370
10347
6914
39391
6923
54193
59368
47887
2382
36007
50470
10814
48820
14654
23800
2384
534
24948
53584
9419
47212
48988
53897
64025
68986
28266
38400
52696
15443
24183
20634
59390
18887
26337
67263
8232
15604
66353
31638
56196
63898
32227
26139
13350
52008
17417
3938
18253
25715
60912
35610
65487
51678
35435
7116
2757
45979
59459
40257
17839
11275
60035
38193
22120
2998
25454
5934
37337
57108
1464
20570
20914
23787
62921
19979
46806
19806
28251
40920
58530
28206
20454
31169
2892
45914
44874
53012
60157
67787
53106
23323
11206
39140
31860
9275
1081
37932
9675
6946
19632
2648
2805
53227
4327
53149
20760
68697
17894
68486
5467
64019
7059
7771
15895
12990
52793
23438
52430
51516
53168
54173
67653
29815
48621
12314
16779
46969
37037
11797
10082
19432
68353
69710
4675
957
50516
2235
54316
5157
54448
23174
68860
16343
10560
31141
20632
9428
28101
54717
9826
63102
33860
63578
20139
49292
53473
56500
34530
64964
34544
39679
65643
62
11720
19222
11581
11303
31164
45209
60588
66114
58481
13784
4902
45346
65642
32544
67195
40873
7383
37041
65264
38202
31413
69674
46499
55854
7684
24905
16851
6323
20108
16536
67051
35017
3884
44945
4786
67382
37664
48589
7772
28584
43382
35545
37501
57275
17281
25601
26736
52151
246
30228
15884
36925
10210
20334
11791
12450
29505
54677
31078
26258
9700
25650
16451
65245
7207
36380
29728
44870
56670
28275
10508
2717
42726
6023
33295
24084
27882
8405
34686
18584
8228
18923
3295
15497
46286
57437
33771
29728
67336
9196
2672