900
79236
15944
39079
68571
26736
11667
36334
22857
5342
57136
30499
77971
40254
86855
21093
82269
30144
70331
36750
1100
69828
29373
78642
22010
85823
88181
79817
16413
3519
9615
56365
54966
42560
21470
22480
11879
64539
75930
11470
65318
55811
42279
16955
12125
83606
3456
75245
60973
65516
27225
43302
87623
66710
83502
12238
80529
52273
14668
87452
14002
53725
88129
66992
45380
42854
59329
37151
80923
30601
66002
63172
73786
31513
61825
35268
68913
49929
84236
60761
13638
33668
5969
65045
20810
1050
33629
63968
47540
510
18542
20818
27167
32034
8522
31473
68229
445
40537
42141
42650
19723
70056
48638
67044
61964
20082
20605
75396
88744
66184
12519
59809
2197
68478
6298
76228
1444
70390
58542
306
57739
54021
23228
15528
53761
46437
35288
44958
80202
58521
13610
50623
68513
67093
86555
71741
67436
28107
66518
75201
46193
53605
6999
6506
14584
33747
85279
18827
11859
43814
43247
84042
8467
16511
45013
52669
68778
14520
77512
26375
61163
61722
19889
21964
69428
82583
25245
22416
58535
83691
58937
61131
61072
78236
26848
58855
84904
46401
34752
1695
14508
62042
6015
58496
79786
80831
12023
34327
18784
38248
11240
84421
38147
38237
61986
75364
32137
20825
57081
77551
252
57016
14347
23522
32811
27746
17640
24628
23702
26324
39666
33170
89033
3708
55885
57953
86274
39544
42004
66800
46335
43459
38457
19753
33560
14263
26007
4546
20857
48322
8442
4646
2521
86740
46908
6558
3198
37005
62113
330
31478
35295
29305
45956
65641
70316
65912
54130
58498
10782
36711
59851
43282
53020
85254
40839
2682
35816
25626
56409
55115
20492
20549
28122
38541
73537
4222
15500
49187
47260
46667
22413
79170
67488
54016
85910
83579
47617
41714
21119
17454
12090
76245
77068
72892
4092
82124
14525
10332
59759
15783
51046
58464
78320
2191
63898
8477
76893
21674
66397
62579
64370
78748
66998
61287
3450
15045
68758
85746
9620
50442
78054
83378
82903
24755
77737
88519
7204
8821
27925
33821
60315
51884
50211
86196
21211
71772
4806
55276
10795
75891
55564
28934
78573
10479
5174
7362
17075
28570
54413
58886
23013
13581
25983
19780
2752
61691
35003
86146
71421
85017
65900
67004
54843
25367
42544
32328
15767
19899
67266
21128
4472
50040
28715
72742
14207
28849
29617
17063
41381
69541
62142
38324
88982
27106
36449
10280
15327
11371
65118
89798
38017
63657
12119
36056
18148
49133
47628
61288
41449
24092
12086
67636
45612
71092
12248
23770
8951
40151
6955
81162
59214
47585
45886
1078
34995
19294
12152
22113
4153
60597
18821
81861
60938
33704
70943
9107
69558
76706
55094
50847
3458
64504
69155
86276
57140
87732
58462
5927
86781
24029
83918
36759
10428
73963
60309
88832
31946
81555
60200
75278
40671
19293
2546
65661
14477
21
71201
51105
2299
85891
44900
11434
55868
29994
75936
5396
21684
4528
71039
10057
26728
70814
11236
71120
51353
35082
70030
46023
229
25698
76412
78980
69405
40810
81838
24105
440
42435
15244
48757
10397
75229
39785
77043
53096
63213
76139
88983
56160
84412
9729
86816
20432
64700
11055
11852
36047
2216
18378
86033
548
7512
2594
82557
59624
33387
82084
69493
68445
72895
40939
9869
32537
45987
52182
9665
47439
79007
77451
22829
49237
18605
41732
56275
59317
43630
27887
76024
5311
44648
68602
83299
28788
71999
36479
49279
1617
27469
14094
2316
26728
29706
62495
2654
84425
48262
58583
58826
22126
5028
1182
60892
35390
17982
22551
33049
22162
23298
40679
415
73147
24390
87233
46774
760
80843
78504
68380
42581
44696
45344
23841
11247
27579
48751
63573
22531
10651
7031
75992
7353
27198
47534
38956
8953
1048
46338
76333
41432
27219
9428
81763
77668
45664
65577
11161
70317
3572
84445
44705
54312
69823
11435
24571
56608
68829
75427
56355
23101
65669
81602
13606
11578
16581
2520
56296
84336
20455
89007
28268
49374
53955
28773
15507
39136
12980
3286
9551
78620
79842
82551
48826
32896
69773
20564
51742
59173
55865
23807
9977
84476
46961
40853
49219
23111
54427
21803
47372
70321
72161
33032
76426
14768
66538
62658
31933
40405
9883
30718
34100
5169
29211
19405
43252
85062
52129
82926
63819
31301
9637
9710
63346
15395
75182
75564
89394
57217
7249
21860
690
26809
1705
39714
39400
46803
66013
36467
21965
37174
26823
41616
47227
81764
22377
20023
32091
79018
39775
31660
57555
73950
9087
29269
80241
79423
8030
61395
73115
88718
24058
29153
54069
31605
25346
68072
40221
23754
5444
69719
59685
44659
22638
41046
8014
9778
60023
39907
85031
87369
66713
17631
75474
17592
6123
29420
43807
83484
20036
2939
68944
89978
84624
3099
12105
6951
26092
16739
73001
77775
31862
62097
36200
55893
5828
79001
17010
48055
30985
51393
75383
44163
32667
40816
39618
75390
4255
56212
73865
63244
24102
5945
45075
67426
28568
48488
25539
69234
3002
37322
15782
8709
47698
18047
5605
82760
74908
44648
31089
8120
48201
73823
32338
16467
29993
77485
59079
54611
34859
78927
73208
247
8637
30781
21515
45907
12520
8143
56399
62977
85946
82918
22186
19606
64379
56939
17443
1610
43958
9224
5198
7596
63206
19468
19867
86953
37251
40390
86851
81521
82808
12930
75403
18710
2068
50087
1477
38193
37230
36286
42434
54039
22173
8118
13087
61920
43985
71198
25702
16141
494
51273
63091
10286
43447
44562
79005
212
61743
14492
83662
77825
33335
27417
9543
9334
44501
50235
86906
24219
1651
50039
3275
50301
78080
67628
3563
36815
77343
69991
84641
89742
56612
2821
5851
18459
88426
32236
78172
21614
70099
24964
72250
75912
35124
42336
34275
78396
20636
62641